1.760000000000039658e-02
2.140000000000048461e-02
2.270000000000051490e-02
2.620000000000059781e-02
2.800000000000063202e-02
3.550000000000080175e-02
3.810000000000086928e-02
4.540000000000097430e-02
4.810000000000100306e-02
5.410000000000109166e-02
5.400000000000109573e-02
6.690000000000131952e-02
7.340000000000143632e-02
7.710000000000152842e-02
8.420000000000166240e-02
9.450000000000188805e-02
9.510000000000200238e-02
1.022000000000020253e-01
1.200000000000023409e-01
1.280000000000026672e-01
1.378000000000027536e-01
1.365000000000028690e-01
1.528000000000031833e-01
1.610000000000032794e-01
1.679000000000034354e-01
1.774000000000037491e-01
1.920000000000039730e-01
1.952000000000041202e-01
2.095000000000043494e-01
2.120000000000045459e-01
2.250000000000048073e-01
2.322000000000049302e-01
2.380000000000050409e-01
2.449000000000051414e-01
2.634000000000056296e-01
2.600000000000055045e-01
2.678000000000059222e-01
2.745000000000058504e-01
2.909000000000063757e-01
2.843000000000058813e-01
3.041000000000065318e-01
3.083000000000067908e-01
3.069000000000065009e-01
3.185000000000070552e-01
3.163000000000066869e-01
3.097000000000066922e-01
3.243000000000070271e-01
3.375000000000071276e-01
3.335000000000069575e-01
3.561000000000077437e-01
3.470000000000077467e-01
3.395000000000073515e-01
3.530000000000076410e-01
3.579000000000075454e-01
3.566000000000079106e-01
3.534000000000074859e-01
3.521000000000074626e-01
3.513000000000076062e-01
3.628000000000076719e-01
3.666000000000079195e-01
3.616000000000078041e-01
3.699000000000081112e-01
3.552000000000077318e-01
3.621000000000077490e-01
3.660000000000078191e-01
3.629000000000079384e-01
3.586000000000077459e-01
3.609000000000076591e-01
3.662000000000082411e-01
3.679000000000078874e-01
3.707000000000080786e-01
3.543000000000078309e-01
3.612000000000077926e-01
3.582000000000079565e-01
3.593000000000077243e-01
3.659000000000077746e-01
3.591000000000078574e-01
3.589000000000076573e-01
3.598000000000077248e-01
3.524000000000077626e-01
3.569000000000076001e-01
3.504000000000075943e-01
3.630000000000080940e-01
3.531000000000074635e-01
3.553000000000078318e-01
3.601000000000075252e-01
3.632000000000077944e-01
3.599000000000077693e-01
3.606000000000079697e-01
3.567000000000076776e-01
3.483000000000074925e-01
3.605000000000077032e-01
3.616000000000078041e-01
3.539000000000075974e-01
3.444000000000074224e-01
3.391000000000074510e-01
3.537000000000075084e-01
3.438000000000075440e-01
3.452000000000073343e-01
3.446000000000076224e-01
3.578000000000079450e-01
3.360000000000073483e-01
3.412000000000072752e-01
3.518000000000077176e-01
3.471000000000076802e-01
3.424000000000071431e-01
3.459000000000077013e-01
3.449000000000074229e-01
3.322000000000072117e-01
3.422000000000074427e-01
3.398000000000072629e-01
3.349000000000071919e-01
3.397000000000074404e-01
3.352000000000074365e-01
3.457000000000076123e-01
3.432000000000073880e-01
3.352000000000072699e-01
3.368000000000074823e-01
3.337000000000073796e-01
3.313000000000071443e-01
3.432000000000076101e-01
3.370000000000074047e-01
3.246000000000070496e-01
3.395000000000071849e-01
3.295000000000072315e-01
3.378000000000072611e-01
3.355000000000072369e-01
3.279000000000070192e-01
3.282000000000069861e-01
3.286000000000073307e-01
3.442000000000077775e-01
3.256000000000068284e-01
3.267000000000069848e-01
3.255000000000070060e-01
3.149000000000067856e-01
3.258000000000070284e-01
3.366000000000072268e-01
3.277000000000068747e-01
3.148000000000069076e-01
3.178000000000068548e-01
3.403000000000073744e-01
3.291000000000070536e-01
3.246000000000068830e-01
3.273000000000071963e-01
3.313000000000069778e-01
3.256000000000070504e-01
3.266000000000072179e-01
3.204000000000069570e-01
3.146000000000068186e-01
3.174000000000067878e-01
3.244000000000070161e-01
3.246000000000071051e-01
3.225000000000068923e-01
3.162000000000068645e-01
3.140000000000068292e-01
3.242000000000069826e-01
3.219000000000071804e-01
3.188000000000069112e-01
3.220000000000068363e-01
3.110000000000068265e-01
3.218000000000069138e-01
3.111000000000065935e-01
3.243000000000070826e-01
3.070000000000066565e-01
3.093000000000066252e-01
3.115000000000067715e-01
3.205000000000070570e-01
3.109000000000066155e-01
3.253000000000072500e-01
3.121000000000065389e-01
3.139000000000068957e-01
3.128000000000067948e-01
3.147000000000068631e-01
3.054000000000064441e-01
3.136000000000068733e-01
3.125000000000067724e-01
3.045000000000064322e-01
3.078000000000067349e-01
3.109000000000065600e-01
3.180000000000068883e-01
3.160000000000067755e-01
3.182000000000069773e-01
3.032000000000063533e-01
3.098000000000068477e-01
3.096000000000067032e-01
3.162000000000066424e-01
3.142000000000068072e-01
3.135000000000066622e-01
3.107000000000066375e-01
3.125000000000068279e-01
3.154000000000067860e-01
3.086000000000065913e-01
3.126000000000066503e-01
2.969000000000063810e-01
3.079000000000068349e-01
3.201000000000069901e-01
3.054000000000063886e-01
3.077000000000067459e-01
3.003000000000062841e-01
3.023000000000064524e-01
3.054000000000065551e-01
3.140000000000067182e-01
3.091000000000067027e-01
3.085000000000068798e-01
3.005000000000062621e-01
2.936000000000063004e-01
3.034000000000063313e-01
2.912000000000064537e-01
2.988000000000065048e-01
3.013000000000065071e-01
3.013000000000065626e-01
3.052000000000063551e-01
3.112000000000067490e-01
2.985000000000064824e-01
3.073000000000064569e-01
3.056000000000064776e-01
3.075000000000065459e-01
3.089000000000067803e-01
3.001000000000065837e-01
3.044000000000065542e-01
2.978000000000065595e-01
2.984000000000064379e-01
2.959000000000063801e-01
3.022000000000065190e-01
2.968000000000065031e-01
3.052000000000064106e-01
2.975000000000061484e-01
2.986000000000064158e-01
2.989000000000064938e-01
2.913000000000062206e-01
2.810000000000061338e-01
2.994000000000064943e-01
3.052000000000065216e-01
3.011000000000063626e-01
3.043000000000064542e-01
2.981000000000065819e-01
3.004000000000066617e-01
2.975000000000064260e-01
2.901000000000061307e-01
2.992000000000064608e-01
3.076000000000066459e-01
3.029000000000062753e-01
2.850000000000061928e-01
2.850000000000062483e-01
3.005000000000065952e-01
2.899000000000062638e-01
2.975000000000063149e-01
2.998000000000063392e-01
2.919000000000064321e-01
2.953000000000063352e-01
2.987000000000064603e-01
2.881000000000062955e-01
2.928000000000064995e-01
2.886000000000064070e-01
2.999000000000064392e-01
2.947000000000064013e-01
2.956000000000061911e-01
2.896000000000064634e-01
2.950000000000064793e-01
3.023000000000063969e-01
2.936000000000061894e-01
2.928000000000063885e-01
3.049000000000065547e-01
2.901000000000062418e-01
2.941000000000063563e-01
2.833000000000061580e-01
2.927000000000062885e-01
2.976000000000065260e-01
2.926000000000062995e-01
2.863000000000060496e-01
2.950000000000063127e-01
2.955000000000061466e-01
2.982000000000062934e-01
2.832000000000060580e-01
2.939000000000064339e-01
2.960000000000062581e-01
2.942000000000064563e-01
2.895000000000063078e-01
2.885000000000061404e-01
2.982000000000062379e-01
2.939000000000062673e-01
2.863000000000061607e-01
2.954000000000064352e-01
2.937000000000063449e-01
2.978000000000062819e-01
2.900000000000061973e-01
2.988000000000067269e-01
2.913000000000061096e-01
2.923000000000062770e-01
2.916000000000062986e-01
2.922000000000062325e-01
2.866000000000060721e-01
2.893000000000063299e-01
2.948000000000065013e-01
2.805000000000059668e-01
2.901000000000062418e-01
2.927000000000063995e-01
2.842000000000060034e-01
2.900000000000063083e-01
2.906000000000063532e-01
2.873000000000061616e-01
2.910000000000062537e-01
2.822000000000060571e-01
2.932000000000062334e-01
2.872000000000062281e-01
2.938000000000062228e-01
2.972000000000064035e-01
2.926000000000064660e-01
2.930000000000063110e-01
2.839000000000062029e-01
2.866000000000060166e-01
2.875000000000059175e-01
2.915000000000064206e-01
2.822000000000059461e-01
2.937000000000064004e-01
2.933000000000062224e-01
2.860000000000060272e-01
2.885000000000062514e-01
2.772000000000058306e-01
2.983000000000064489e-01
2.939000000000061008e-01
2.881000000000060179e-01
2.993000000000063388e-01
2.868000000000060501e-01
2.822000000000061681e-01
2.782000000000059980e-01
2.845000000000061924e-01
2.816000000000060677e-01
2.881000000000061845e-01
2.812000000000062228e-01
2.830000000000059690e-01
2.944000000000062123e-01
2.932000000000063999e-01
2.866000000000062387e-01
2.879000000000062620e-01
2.854000000000060377e-01
2.925000000000063105e-01
2.829000000000058690e-01
2.825000000000061906e-01
2.910000000000062537e-01
2.901000000000063528e-01
2.906000000000061867e-01
2.897000000000062303e-01
2.836000000000060695e-01
2.834000000000060360e-01
2.798000000000059884e-01
2.932000000000063444e-01
2.796000000000061769e-01
2.809000000000062003e-01
2.871000000000062391e-01
2.945000000000061458e-01
2.913000000000062206e-01
2.844000000000061479e-01
2.828000000000059910e-01
2.984000000000064934e-01
2.965000000000063696e-01
2.933000000000063334e-01
2.854000000000062043e-01
2.921000000000061325e-01
2.853000000000062153e-01
2.928000000000062775e-01
2.823000000000059906e-01
2.890000000000062519e-01
2.958000000000063356e-01
2.920000000000061990e-01
2.889000000000062074e-01
2.864000000000062052e-01
2.908000000000064977e-01
2.904000000000062642e-01
2.872000000000061171e-01
2.907000000000061757e-01
2.878000000000061620e-01
2.893000000000061633e-01
2.882000000000061180e-01
2.874000000000062616e-01
2.944000000000063233e-01
2.803000000000062109e-01
2.861000000000062937e-01
2.919000000000063211e-01
2.863000000000062717e-01
2.858000000000061602e-01
2.933000000000063334e-01
2.915000000000064206e-01
2.957000000000062356e-01
2.957000000000061246e-01
2.918000000000061656e-01
2.907000000000064532e-01
2.906000000000060757e-01
2.885000000000061404e-01
2.889000000000062629e-01
2.897000000000062303e-01
2.964000000000063806e-01
2.886000000000061294e-01
2.885000000000061404e-01
2.991000000000065273e-01
2.828000000000061021e-01
2.916000000000063541e-01
2.890000000000062519e-01
3.024000000000063859e-01
2.950000000000062017e-01
2.837000000000061695e-01
2.913000000000063316e-01
2.915000000000064762e-01
2.902000000000062307e-01
2.829000000000062576e-01
2.852000000000061153e-01
2.940000000000063118e-01
2.959000000000066022e-01
2.914000000000065427e-01
2.916000000000062986e-01
2.801000000000059553e-01
2.924000000000062105e-01
2.843000000000059369e-01
3.020000000000065965e-01
2.914000000000063761e-01
2.923000000000062215e-01
2.986000000000063603e-01
2.965000000000064251e-01
2.982000000000064044e-01
3.102000000000066371e-01
2.854000000000061488e-01
2.964000000000066581e-01
2.942000000000063453e-01
2.972000000000062925e-01
2.885000000000060849e-01
2.905000000000061977e-01
2.891000000000062964e-01
2.947000000000062903e-01
2.912000000000064537e-01
2.971000000000065810e-01
2.945000000000063678e-01
2.946000000000064123e-01
3.047000000000062991e-01
2.970000000000064810e-01
3.046000000000064767e-01
2.997000000000061837e-01
3.032000000000063533e-01
3.004000000000064396e-01
2.913000000000063316e-01
2.989000000000062163e-01
2.979000000000064929e-01
2.930000000000064220e-01
2.986000000000064714e-01
2.973000000000061704e-01
2.935000000000062559e-01
3.033000000000063978e-01
3.025000000000065969e-01
2.996000000000063057e-01
3.023000000000062304e-01
3.093000000000065697e-01
3.015000000000063740e-01
3.046000000000066987e-01
2.976000000000063594e-01
3.070000000000067120e-01
2.973000000000064480e-01
3.097000000000065811e-01
3.096000000000068697e-01
2.862000000000062827e-01
3.092000000000065807e-01
3.040000000000065983e-01
2.994000000000064943e-01
2.960000000000064246e-01
3.063000000000064560e-01
2.985000000000064824e-01
2.955000000000062021e-01
3.012000000000064626e-01
3.073000000000065679e-01
2.944000000000062123e-01
3.103000000000065706e-01
3.007000000000064066e-01
3.018000000000065630e-01
2.970000000000064810e-01
3.124000000000065058e-01
3.070000000000065454e-01
3.013000000000064516e-01
3.083000000000065688e-01
3.149000000000066191e-01
3.138000000000067402e-01
3.019000000000064965e-01
3.027000000000065194e-01
2.957000000000063467e-01
3.008000000000063401e-01
3.044000000000066652e-01
3.020000000000065410e-01
3.008000000000065066e-01
3.047000000000066322e-01
3.086000000000065913e-01
3.037000000000064648e-01
3.013000000000065626e-01
3.132000000000065842e-01
3.029000000000063308e-01
3.012000000000065181e-01
3.060000000000066556e-01
3.083000000000066243e-01
3.090000000000068248e-01
3.071000000000065899e-01
3.065000000000066560e-01
3.075000000000065459e-01
3.136000000000065402e-01
2.988000000000064493e-01
3.005000000000064286e-01
3.242000000000069271e-01
3.211000000000070465e-01
3.207000000000068130e-01
3.115000000000067160e-01
3.178000000000069658e-01
3.071000000000067010e-01
3.061000000000064780e-01
3.168000000000067984e-01
3.139000000000068402e-01
3.123000000000067389e-01
3.147000000000066411e-01
3.159000000000067310e-01
3.103000000000066261e-01
3.137000000000068622e-01
3.144000000000068407e-01
3.109000000000067820e-01
3.124000000000067834e-01
3.254000000000070170e-01
3.148000000000069076e-01
3.251000000000069390e-01
3.054000000000066106e-01
3.249000000000070720e-01
3.194000000000069561e-01
3.209000000000071240e-01
3.231000000000071037e-01
3.148000000000069076e-01
3.263000000000070844e-01
3.246000000000069940e-01
3.309000000000070774e-01
3.123000000000067389e-01
3.137000000000067512e-01
3.226000000000069923e-01
3.316000000000073333e-01
3.255000000000071725e-01
3.283000000000070306e-01
3.151000000000067081e-01
3.289000000000070201e-01
3.139000000000067292e-01
3.262000000000068733e-01
3.426000000000072321e-01
3.370000000000071827e-01
3.270000000000072293e-01
3.266000000000070513e-01
3.326000000000072232e-01
3.331000000000071126e-01
3.252000000000069835e-01
3.207000000000068685e-01
3.281000000000070527e-01
3.267000000000070958e-01
3.379000000000072501e-01
3.308000000000070884e-01
3.206000000000069350e-01
3.356000000000070593e-01
3.332000000000071571e-01
3.269000000000071293e-01
3.330000000000072902e-01
3.368000000000074823e-01
3.432000000000074436e-01
3.384000000000073616e-01
3.285000000000068976e-01
3.293000000000072536e-01
3.365000000000071823e-01
3.416000000000075643e-01
3.373000000000072052e-01
3.397000000000073294e-01
3.312000000000070998e-01
3.341000000000071690e-01
3.316000000000070558e-01
3.429000000000075321e-01
3.411000000000073973e-01
3.322000000000073783e-01
3.317000000000071003e-01
3.377000000000074942e-01
3.514000000000078172e-01
3.516000000000075176e-01
3.406000000000073968e-01
3.425000000000074651e-01
3.544000000000077089e-01
3.353000000000070924e-01
3.427000000000074431e-01
3.543000000000076644e-01
3.450000000000072453e-01
3.519000000000078177e-01
3.491000000000075709e-01
3.514000000000075397e-01
3.491000000000075709e-01
3.419000000000073647e-01
3.438000000000076550e-01
3.469000000000075357e-01
3.478000000000076586e-01
3.505000000000073612e-01
3.511000000000077947e-01
3.500000000000074163e-01
3.613000000000081147e-01
3.414000000000073087e-01
3.637000000000080169e-01
3.599000000000077137e-01
3.569000000000074890e-01
3.633000000000080054e-01
3.491000000000076264e-01
3.545000000000079199e-01
3.503000000000076053e-01
3.535000000000076414e-01
3.525000000000074740e-01
3.638000000000080059e-01
3.602000000000079027e-01
3.511000000000075727e-01
3.709000000000082231e-01
3.420000000000074647e-01
3.544000000000076533e-01
3.607000000000077922e-01
3.610000000000079257e-01
3.607000000000077367e-01
3.529000000000077630e-01
3.630000000000079829e-01
3.617000000000080706e-01
3.644000000000079398e-01
3.587000000000078459e-01
3.547000000000075093e-01
3.611000000000078036e-01
3.609000000000079922e-01
3.588000000000075573e-01
3.498000000000074938e-01
3.470000000000074136e-01
3.535000000000078080e-01
3.586000000000080234e-01
3.445000000000074669e-01
3.536000000000074639e-01
3.343000000000073135e-01
3.393000000000073180e-01
3.363000000000071488e-01
3.286000000000071086e-01
3.287000000000072086e-01
3.120000000000066609e-01
3.167000000000067539e-01
3.219000000000070694e-01
3.048000000000065657e-01
2.967000000000062365e-01
3.072000000000065789e-01
2.911000000000062982e-01
2.824000000000060351e-01
2.806000000000060113e-01
2.691000000000057790e-01
2.683000000000058116e-01
2.652000000000057089e-01
2.513000000000053524e-01
2.441000000000052295e-01
2.372000000000049347e-01
2.300000000000049505e-01
2.174000000000046451e-01
1.965000000000041436e-01
1.938000000000040801e-01
1.941000000000040471e-01
1.770000000000036267e-01
1.624000000000034583e-01
1.637000000000033983e-01
1.496000000000030916e-01
1.373000000000028087e-01
1.304000000000026527e-01
1.239000000000025081e-01
1.107000000000022272e-01
1.028000000000021258e-01
1.004000000000020293e-01
9.630000000000192573e-02
8.390000000000169544e-02
7.460000000000141518e-02
7.440000000000149272e-02
6.540000000000131819e-02
6.030000000000121374e-02
5.570000000000115831e-02
4.830000000000101573e-02
4.400000000000096195e-02
4.070000000000092988e-02
3.390000000000076980e-02
3.160000000000071779e-02
2.730000000000061197e-02
2.210000000000049772e-02
1.850000000000041542e-02
2.100000000000047315e-02
