9.068757747535239428e-04
-1.114334226282595553e-03
-2.464494180864769141e-03
-1.182536044278058958e-03
-1.594176597031925517e-03
-2.551861325011248378e-04
1.354676649186626952e-03
2.968880141141069448e-03
-2.586569924503057376e-03
4.002270963277677722e-03
5.662828985000434474e-03
3.819645006679573546e-03
5.226625218397601587e-03
9.242221346022969075e-03
-2.214880602112729701e-03
2.560554414724087145e-03
-4.391919824095208294e-04
-3.442701486167979406e-03
-2.640711464481130654e-03
1.783433496250445534e-03
6.378965739231581659e-03
1.333154100280220522e-02
1.189862703026906172e-02
1.189862703026906172e-02
6.054798192398719303e-01
6.286791696865662304e-01
6.442448865901506672e-01
6.649843517075848531e-01
6.745900780552337439e-01
6.847058844077621442e-01
7.049788085572030738e-01
7.116599772052529804e-01
7.255599461669771655e-01
7.336724419850650936e-01
7.402034964063841649e-01
7.500196118241676535e-01
7.605574224130348115e-01
7.658415779122114131e-01
7.715373602006048159e-01
7.777025769597212257e-01
7.840403419970002341e-01
7.890653043024650204e-01
7.943825982890325710e-01
8.014882945132901781e-01
8.087006044442859309e-01
8.130147260539533072e-01
8.198957550248522352e-01
8.248298284756455656e-01
8.248298284756455656e-01
8.302601178852947461e-01
8.358117075797071305e-01
8.358117075797071305e-01
8.408461104268706299e-01
8.408461104268706299e-01
8.450165815073319431e-01
8.484986681413940746e-01
8.514055958268905711e-01
8.595892507353015688e-01
8.595892507353015688e-01
8.611889488987967134e-01
8.611889488987967134e-01
8.661537840589572657e-01
8.702476690343150523e-01
8.686203009536208608e-01
8.717051179210323353e-01
8.717051179210323353e-01
8.726609071048777588e-01
8.761337867762397646e-01
8.804868009381457972e-01
8.835033466328476859e-01
8.835033466328476859e-01
8.860222641628608953e-01
8.904992259296685697e-01
8.904992259296685697e-01
8.880261173963831522e-01
8.913521201480604228e-01
8.913521201480604228e-01
8.950034502233843448e-01
8.950034502233843448e-01
8.958132468593491549e-01
8.993120935785819947e-01
