-3.690752375208123520e-03
-3.690752375208123520e-03
-2.057349753012700354e-03
-2.057349753012700354e-03
1.768202408122288363e-02
1.768202408122288363e-02
1.768202408122288363e-02
2.017241057627758294e-02
2.017241057627758294e-02
-2.314442804286203151e-02
-2.314442804286203151e-02
-2.314442804286203151e-02
-2.314442804286203151e-02
-2.552377791264521731e-02
-2.552377791264521731e-02
-2.552377791264521731e-02
-2.525760856392224654e-02
-2.525760856392224654e-02
-2.525760856392224654e-02
-2.525760856392224654e-02
-2.525760856392224654e-02
-2.525760856392224654e-02
-5.631478330190141379e-02
-5.631478330190141379e-02
-5.631478330190141379e-02
-5.714035466780054140e-01
-5.714035466780054140e-01
-5.714035466780054140e-01
-5.714035466780054140e-01
-6.439671600475924684e-01
-6.439671600475924684e-01
-6.439671600475924684e-01
-6.439671600475924684e-01
-7.383404515294381687e-01
-7.383404515294381687e-01
-7.383404515294381687e-01
-7.383404515294381687e-01
-7.383404515294381687e-01
-7.950717353126177667e-01
-7.967230578807357189e-01
-7.967230578807357189e-01
-7.967230578807357189e-01
-7.967230578807357189e-01
-7.967230578807357189e-01
-7.967230578807357189e-01
-7.967230578807357189e-01
-7.967230578807357189e-01
-7.967230578807357189e-01
-7.967230578807357189e-01
-7.967230578807357189e-01
-7.967230578807357189e-01
-7.967230578807357189e-01
-8.359736242875169809e-01
-8.359736242875169809e-01
-8.359736242875169809e-01
-8.359736242875169809e-01
-8.692836411232051086e-01
-8.692836411232051086e-01
-8.692836411232051086e-01
-8.390582765840592927e-01
-8.390582765840592927e-01
-8.390582765840592927e-01
-8.390582765840592927e-01
-8.390582765840592927e-01
-8.390582765840592927e-01
-8.717658687571950837e-01
-8.320078027576534030e-01
-8.758814591493693236e-01
-8.758814591493693236e-01
-8.758814591493693236e-01
-8.758814591493693236e-01
-8.758814591493693236e-01
-8.758814591493693236e-01
-8.758814591493693236e-01
-8.758814591493693236e-01
-8.758814591493693236e-01
-8.758814591493693236e-01
-8.758814591493693236e-01
-8.758814591493693236e-01
-8.758814591493693236e-01
-8.758814591493693236e-01
