-8.913453461394783561e-01
-8.913453461394783561e-01
-8.913453461394783561e-01
-8.874900502536233748e-01
-8.874900502536233748e-01
-8.874900502536233748e-01
-8.804669434823502172e-01
-8.804669434823502172e-01
-8.804669434823502172e-01
-8.720529567254650116e-01
-8.720529567254650116e-01
-8.613181313979172415e-01
-8.613181313979172415e-01
-8.476570221056848320e-01
-8.476570221056848320e-01
-8.363656570114659239e-01
-8.363656570114659239e-01
-8.210014171161925667e-01
-8.210014171161925667e-01
-8.051244967588259138e-01
-7.902648623768000480e-01
-7.902648623768000480e-01
-7.701167277530808208e-01
-7.517253914711934382e-01
-7.517253914711934382e-01
-7.212085014791905779e-01
-6.962979249040726071e-01
-6.669575373378834326e-01
-6.371169092726384209e-01
-5.997670488295416824e-01
-5.578714113447502676e-01
-4.708929423306359996e-01
-3.848055692106534531e-01
-2.839220209596530764e-01
-1.656720607842148973e-01
-1.074078612053651904e-01
-5.225542472869702804e-02
-1.626414090359754039e-02
-4.584455849308098976e-03
1.523805003559403027e-04
-6.826302507839720818e-04
