-8.699460550996024203e-04
-2.806290405486397410e-03
-2.550002333786650661e-03
-1.767059774089034269e-03
2.050694646271809547e-03
-9.467012251351452148e-03
-9.467012251351452148e-03
-9.281383576784241066e-04
-2.194897382527855653e-03
-2.194897382527855653e-03
-4.152268227419451084e-03
-4.152268227419451084e-03
-8.552979483055618559e-03
-8.552979483055618559e-03
-1.679117660148320840e-02
-2.868258656592973660e-02
-2.868258656592973660e-02
-4.315019201083841044e-02
-4.315019201083841044e-02
-3.176658084764980017e-02
-3.176658084764980017e-02
-4.494660092168072107e-02
-4.494660092168072107e-02
-4.494660092168072107e-02
-5.630640431103027810e-01
-5.947712041343634626e-01
-6.258214527380239200e-01
-6.501393268230813982e-01
-6.751130442098803863e-01
-6.929084150100000006e-01
-6.929084150100000006e-01
-7.159327809476947468e-01
-7.323401370434245994e-01
-7.323401370434245994e-01
-7.323401370434245994e-01
-7.467176825124509643e-01
-7.467176825124509643e-01
-7.650508787755719853e-01
-7.650508787755719853e-01
-7.650508787755719853e-01
-8.006022963192781505e-01
-8.006022963192781505e-01
-8.006022963192781505e-01
-7.998577427592823419e-01
-7.998577427592823419e-01
-7.998577427592823419e-01
-8.155187899343495639e-01
-8.155187899343495639e-01
-8.286054397859282661e-01
-8.286054397859282661e-01
-8.286054397859282661e-01
-8.370136439794478855e-01
-8.370136439794478855e-01
-8.370136439794478855e-01
-8.370136439794478855e-01
-8.452178832934834629e-01
-8.452178832934834629e-01
-8.564367915216891669e-01
-8.564367915216891669e-01
-8.564367915216891669e-01
-8.683819098744837151e-01
-8.683819098744837151e-01
-8.683819098744837151e-01
-8.683819098744837151e-01
-8.644105387985681066e-01
-8.644105387985681066e-01
-8.664859379420528640e-01
-8.758157536738303550e-01
-8.758157536738303550e-01
-8.758157536738303550e-01
-8.758157536738303550e-01
-8.758157536738303550e-01
-8.866715753811235112e-01
-8.866715753811235112e-01
-8.866715753811235112e-01
-9.007339077847984488e-01
-9.007339077847984488e-01
-9.007339077847984488e-01
-9.007339077847984488e-01
-9.007339077847984488e-01
-9.007339077847984488e-01
