-9.005279394944443183e-01
-9.005279394944443183e-01
-9.005279394944443183e-01
-9.005279394944443183e-01
-9.005279394944443183e-01
-8.972123484267442439e-01
-8.972123484267442439e-01
-8.972123484267442439e-01
-8.865261495771886713e-01
-8.865261495771886713e-01
-8.865261495771886713e-01
-8.865261495771886713e-01
-8.865261495771886713e-01
-8.865261495771886713e-01
-8.770301684269217191e-01
-8.714498709869075155e-01
-8.714498709869075155e-01
-8.789327424746238293e-01
-8.628955825616096975e-01
-8.628955825616096975e-01
-8.628955825616096975e-01
-8.727334884592012898e-01
-8.727334884592012898e-01
-8.727334884592012898e-01
-8.570890343448439586e-01
-8.570890343448439586e-01
-8.570890343448439586e-01
-8.570890343448439586e-01
-8.570890343448439586e-01
-8.319545810078056158e-01
-8.319545810078056158e-01
-8.319545810078056158e-01
-8.299297653760483451e-01
-8.299297653760483451e-01
-8.299297653760483451e-01
-8.102538638888898692e-01
-8.102538638888898692e-01
-8.102538638888898692e-01
-8.102538638888898692e-01
-8.006477878083856359e-01
-8.006477878083856359e-01
-8.006477878083856359e-01
-7.765011630529708997e-01
-7.765011630529708997e-01
-7.671277103918552331e-01
-7.671277103918552331e-01
-7.671277103918552331e-01
-7.525817264948727603e-01
-7.525817264948727603e-01
-7.150787415330941421e-01
-7.150787415330941421e-01
-6.976512035837437731e-01
-6.976512035837437731e-01
-6.756117307045980125e-01
-6.756117307045980125e-01
-6.756117307045980125e-01
-6.436767031461602118e-01
-6.049978497324282056e-01
-5.833888851401997089e-01
-5.616747954200217441e-01
-5.366853002116965810e-01
-5.082651374297457725e-01
-4.769097075086640158e-01
-4.343880005607643202e-01
-3.592177260558827578e-01
-2.814838755331218190e-01
-2.814838755331218190e-01
-2.333064153868709689e-01
-1.443848625671492747e-01
-1.048879241683293717e-01
-7.729356487471082671e-02
-3.786700421870662497e-02
-4.852253643803578972e-03
-4.852253643803578972e-03
-1.171612628487195794e-02
-5.528181597925828708e-03
2.487562130867680861e-03
3.944245022710808797e-03
5.124999085979271320e-03
-2.954573711980281858e-03
1.514881467999278910e-03
