-8.980097656925472016e-01
-8.980097656925472016e-01
-8.980097656925472016e-01
-8.909108959191078814e-01
-8.909108959191078814e-01
-8.920517573264410416e-01
-8.920517573264410416e-01
-8.878093173590844156e-01
-8.878093173590844156e-01
-8.860127425611296070e-01
-8.809664442952620522e-01
-8.809664442952620522e-01
-8.802118988062340721e-01
-8.802118988062340721e-01
-8.758481018100849891e-01
-8.758481018100849891e-01
-8.726967216216411360e-01
-8.688003909693564619e-01
-8.688003909693564619e-01
-8.644473866091121339e-01
-8.600663517394497859e-01
-8.600663517394497859e-01
-8.569962094020805443e-01
-8.569962094020805443e-01
-8.547124509069337073e-01
-8.547124509069337073e-01
-8.501474592841374855e-01
-8.465155218837805418e-01
-8.392094847083112485e-01
-8.390355946430004819e-01
-8.361427042428060119e-01
-8.302938559872851121e-01
-8.271443269912021057e-01
-8.232516950654554799e-01
-8.190048283069260027e-01
-8.114996212550721344e-01
-8.114996212550721344e-01
-8.039997391064441778e-01
-8.039997391064441778e-01
-7.935401753291267957e-01
-7.906739262475639407e-01
-7.847003053236006886e-01
-7.780905088435401407e-01
-7.681148793726825241e-01
-7.697727693623411804e-01
-7.520122307629206748e-01
-7.436256218357414349e-01
-7.381259134176287873e-01
-7.309260599107897383e-01
-7.211702558436919874e-01
-7.118646421995501461e-01
-6.983124098452456741e-01
-6.860645870557811055e-01
-6.742149653230880002e-01
-6.544240710970783415e-01
-6.400540941917591820e-01
-6.258987618724605184e-01
-6.073614683693584482e-01
-5.812649992845884128e-01
-5.498621770248333096e-01
-5.100291383700363834e-01
-4.777361774141923312e-01
-4.578954411505498090e-01
-3.758145520140055984e-01
-3.132270714168900461e-01
-2.092490433430195806e-01
-1.379721972453140655e-01
-1.035499196384476045e-01
-5.138379001635198090e-02
-3.808830697100754753e-02
-2.432904950608375666e-02
-1.687075692519962589e-02
-1.033543005665056580e-02
-4.548991466134014693e-03
-1.425151671510303027e-03
-1.092398175848438091e-03
3.729465444317226082e-04
-1.318888446446872629e-04
-1.953751854355948066e-03
-6.990592642568232680e-04
1.128766777862434418e-03
