2.385350051706040114e-02
3.074044493771698264e-02
3.200596697083947506e-02
3.060332965579099646e-02
3.783705902141538957e-02
3.121147758516213885e-02
3.688725846026479765e-02
4.250301632091195436e-02
4.973870673769145712e-02
3.922222222054846247e-02
4.133747296812789740e-02
4.241897368192316942e-02
5.385092228559189981e-02
6.615279605588411660e-02
6.280352171329366129e-02
5.334099770727229739e-02
5.356923927797358626e-02
5.152950135232511886e-02
5.279179883103429088e-02
5.379437473306409451e-02
6.684315136676272084e-02
6.508463132842158549e-02
5.999509751827197118e-02
7.056319505163820283e-02
7.674338251817047762e-02
8.202700245929342437e-02
6.200637855686098182e-02
7.300875356629313306e-02
6.169393960644146274e-02
7.156732544135523122e-02
7.720520074457730419e-02
7.558080840864328520e-02
9.282273753505082547e-02
7.587539738175733128e-02
9.716375919403236194e-02
9.313995534435860757e-02
1.196867166256101178e-01
1.063970555574468152e-01
1.127117978631495543e-01
1.175261209500331472e-01
1.138110961583674724e-01
1.096321671506503975e-01
1.261887674004906479e-01
1.256178749861486810e-01
1.264137571507254754e-01
1.049866213537762188e-01
1.337511886147972340e-01
1.301793321047853003e-01
1.274471568280617084e-01
1.350356495838206383e-01
1.410410668818744828e-01
1.464856766015091571e-01
1.637612093644249811e-01
1.634087733873403059e-01
1.668396520005660522e-01
1.567543676598666391e-01
1.495597729292564293e-01
1.571219992114535335e-01
1.698309053816849379e-01
1.687433000889356216e-01
1.834709481831251487e-01
1.836379575251130825e-01
1.898317183593937751e-01
1.799451628629957223e-01
2.307278311958251837e-01
2.083555102415669269e-01
2.193081039575828506e-01
2.357140089401139338e-01
2.285600042975125257e-01
2.298335385940665221e-01
2.131253071059052984e-01
2.646449229116998869e-01
2.303923400395253840e-01
2.427260124240968875e-01
2.166543317618707110e-01
2.534857951290633293e-01
2.750455307224842771e-01
2.452394733424577422e-01
2.624181063114203738e-01
2.566083714449790554e-01
2.803111944423454238e-01
2.622739210583998615e-01
2.948807433690981972e-01
3.203467609382887327e-01
2.896922364218467716e-01
2.835593808433388707e-01
2.849536616877229034e-01
2.934780767961191472e-01
2.590819988924536466e-01
3.030563927794577839e-01
3.361433912748453823e-01
3.361113918257853106e-01
3.317184102000583779e-01
3.458414248859705831e-01
3.532379125776992090e-01
3.483929766057926036e-01
3.195340939051727336e-01
3.161628939222713708e-01
3.629550578911115433e-01
3.847601708828782274e-01
3.537322888955479194e-01
3.839468390020904787e-01
3.907954216033731054e-01
3.611242487367223863e-01
3.624227085081888067e-01
3.759040099968561921e-01
4.122070181065323746e-01
3.889218046821998342e-01
4.066012970549510719e-01
3.747299767038612672e-01
3.817160893240387765e-01
4.201226369631383406e-01
4.204334010550793144e-01
4.444809878986085705e-01
4.190447712490852905e-01
4.307877582600878053e-01
4.173803082063303749e-01
3.986968747129490120e-01
4.594791548862419694e-01
4.347275353667885422e-01
4.770028889170763176e-01
4.044875153880682639e-01
4.743308501670333022e-01
4.458828995108304882e-01
4.694915769942610284e-01
4.504814856484259389e-01
4.529952380414502544e-01
4.529524465087981233e-01
5.008147878841264777e-01
4.837954722791211748e-01
4.741013249329621981e-01
5.011007883669025276e-01
4.797940634870102583e-01
4.918145857517376429e-01
5.287338467558474475e-01
5.409401656504352340e-01
5.124605137564099966e-01
5.124533748323655269e-01
5.150381932839693810e-01
4.841962821915417048e-01
5.151227501196516956e-01
5.417492497159650533e-01
5.300888081785298800e-01
4.826941252339821409e-01
5.182877942832451179e-01
5.122829668189113894e-01
5.090974951721672914e-01
5.459645490555982139e-01
5.430830002370845566e-01
5.357565422765042662e-01
5.116917361485294746e-01
5.786112153107965117e-01
5.278606250509082498e-01
5.046525480369984384e-01
5.672619165133754304e-01
5.759639505133886672e-01
5.299873417970566436e-01
5.346755085173413580e-01
5.181960837657634267e-01
5.348983809871880046e-01
5.076234610924772461e-01
5.438622337898524339e-01
5.333042638661548152e-01
5.216073568737720212e-01
5.835769519730925614e-01
5.685180963128424469e-01
5.536213167532109125e-01
5.654858522619996553e-01
5.839125730983319995e-01
5.431733593945559102e-01
5.789886517743576544e-01
5.468174902244172797e-01
5.753461751587762851e-01
5.567325337735916646e-01
5.578414708153889290e-01
5.461949895251465570e-01
5.739761327836231386e-01
5.583302330343234976e-01
5.324350965271710256e-01
5.703640628140201896e-01
5.365813071179721394e-01
5.517358471004449871e-01
5.711221076573664845e-01
5.682596082682949135e-01
5.176427375375356466e-01
5.724200104771425268e-01
5.468560343492312459e-01
5.765777015120333582e-01
5.467077678349153702e-01
5.023353319908847592e-01
5.695791505327201243e-01
4.788060328807224320e-01
5.463558169559213917e-01
5.029617784192927932e-01
5.068720167526472586e-01
5.104828727740714500e-01
5.542063002564814322e-01
5.000134710420773843e-01
5.353986482843356987e-01
4.874166957921083343e-01
5.569683720614148070e-01
4.869679955002053084e-01
5.167208693726046409e-01
5.162755771693737783e-01
5.007569621024476891e-01
4.656915260051936456e-01
5.395169393647124556e-01
5.008161545902162226e-01
4.972345481184085592e-01
4.869090566936943865e-01
5.302862341903457066e-01
5.297448014662020643e-01
4.908536689556409205e-01
4.576660740790255977e-01
4.299370801474864390e-01
4.759103382285854167e-01
4.490117918156230625e-01
4.319776587993077177e-01
4.476956521155266433e-01
4.563861756506002454e-01
4.271157836378484118e-01
4.061236085626840353e-01
4.344173150574033304e-01
4.204792656665766182e-01
5.031388254157098672e-01
4.121840262043685588e-01
4.279105377995238713e-01
4.143649822682404782e-01
4.189338334127068464e-01
3.971463600331778254e-01
4.020621098229486545e-01
3.985846352250306257e-01
3.824737554663987793e-01
3.666155805594626949e-01
3.795974370290851052e-01
3.822244936097958790e-01
3.676830024826462373e-01
3.975361052012754137e-01
3.720216144962734672e-01
3.289037608958717551e-01
3.297129626812198566e-01
3.290521507565139503e-01
3.611446578883648617e-01
3.348764087048032301e-01
3.187861966995067520e-01
3.160775085667856255e-01
3.453175425347541072e-01
3.250323652302515853e-01
3.094540820455220498e-01
3.285308209848477046e-01
3.269599497720706016e-01
3.066591426522475849e-01
2.975442770135374171e-01
2.791219358086147184e-01
2.956443540971714912e-01
2.956435106767122400e-01
2.628101466803315356e-01
3.039102991574468282e-01
2.772427966918763476e-01
2.844999027073710218e-01
2.390674658577717215e-01
2.802739985213665852e-01
2.565268775713658855e-01
2.346094014442663134e-01
2.363945694527190555e-01
2.730503979989566399e-01
2.388687735946638246e-01
2.502142972174969393e-01
2.364752016833288617e-01
2.342958590454647938e-01
2.292673071661303352e-01
1.960375132223779460e-01
1.825067553659537323e-01
2.014027998458551016e-01
1.849672251566245318e-01
2.127654598433579292e-01
1.820105318034535291e-01
1.593740092991617341e-01
1.748785280604471526e-01
1.635082806321478677e-01
1.847099823888851411e-01
1.952654748275055030e-01
1.564410406026745526e-01
1.617713702646397800e-01
1.695640303837847307e-01
1.432745760755648745e-01
1.729663233921547305e-01
1.552304107746775019e-01
1.513374437047219356e-01
1.593205099308629413e-01
1.366610970152217219e-01
1.301014565470685058e-01
1.210377798177100228e-01
1.296498099510064173e-01
1.303054942411346062e-01
1.228161935578130637e-01
1.263727880030088846e-01
1.049703731690782016e-01
1.160447419006184755e-01
1.081332145480257967e-01
9.074495902543824877e-02
1.148357805444949059e-01
8.934465460586527019e-02
9.917422000035991392e-02
9.191161912308165594e-02
9.419977124486893227e-02
9.071732681927617559e-02
7.816966641166335494e-02
7.695680672842603043e-02
8.171356591438250216e-02
9.384635624401627130e-02
7.529003820355988086e-02
8.148568078019888250e-02
8.315786080905880617e-02
7.706098755626498986e-02
5.567884093939953066e-02
6.671640136911277663e-02
6.983852778943160089e-02
6.989153351792046220e-02
6.153868543141985392e-02
6.531038019909103653e-02
5.378033756455768977e-02
4.156234758373054256e-02
5.546786396635050576e-02
3.567827713600740802e-02
4.680173987919828554e-02
4.962655349850002284e-02
4.132249041818458757e-02
4.275420323496545438e-02
4.262365951585086327e-02
2.704217315940631375e-02
4.188917591062337603e-02
3.325372790713365667e-02
2.915899551689420111e-02
2.734805456933158546e-02
3.214332911718564140e-02
3.311427206817314783e-02
2.204284742036900432e-02
3.027576765289950386e-02
2.043968799216077867e-02
