3.474991098343586937e-02
2.727450306481226869e-02
1.827863677574394913e-02
3.384567669083259761e-02
4.744770123980844578e-02
3.906440125505833416e-02
5.344498630666366656e-02
4.166340172275589948e-02
5.006208083860380631e-02
6.274229087496729917e-02
5.732764481001553086e-02
6.735891037064753450e-02
7.669784853867339658e-02
7.514833232456435974e-02
9.677504666645678211e-02
9.358290853033286727e-02
1.016326656555933405e-01
1.131838596217536463e-01
1.123381590789199053e-01
1.502518402089420557e-01
1.490777372545110113e-01
1.263949083061709500e-01
1.421536190432172442e-01
1.866629236920828161e-01
1.829396006577474754e-01
1.986511480278804476e-01
1.880030721347242251e-01
2.289216026984169927e-01
2.189403426081415471e-01
2.642849553719945899e-01
2.935298673297586092e-01
2.763296505127938452e-01
2.726075703309469023e-01
3.318528991502889269e-01
3.092632314012431216e-01
3.540004610850456812e-01
3.651783557298200478e-01
3.724002537151577252e-01
4.183361527084734632e-01
4.171517664239630663e-01
4.242357214839455604e-01
4.836581825227279641e-01
4.836326413744581054e-01
5.037221480671092433e-01
5.443930912303943659e-01
4.861995447082527178e-01
5.243863762317279020e-01
5.809885552676228304e-01
6.303585657509462870e-01
6.787385795635897390e-01
6.694443432186425458e-01
7.220081983245616453e-01
7.276272000794651307e-01
6.927744445869269407e-01
7.601930263779649311e-01
8.372894384552337366e-01
8.419490215435345704e-01
8.444453023099236511e-01
8.657663354794631339e-01
8.359324846655969976e-01
9.477022217423487493e-01
9.262934829025130101e-01
9.024548315038660729e-01
9.703760560839771454e-01
1.015165582220023621e+00
1.052333173570739300e+00
1.125911886084535407e+00
1.044943137387249754e+00
1.070760305480958463e+00
1.075314999617839717e+00
1.119878279669270782e+00
1.119489913195897746e+00
1.055758155181541369e+00
1.147396506172631003e+00
1.143536279894506791e+00
1.177820588968807369e+00
1.216033332573615899e+00
1.168548686260502123e+00
1.217845920513489721e+00
1.195438440525052659e+00
1.247682347046055851e+00
1.309721531639135517e+00
1.244305923437217798e+00
1.255982002295203515e+00
1.301826014647678775e+00
1.261219754410157323e+00
1.215933615731959794e+00
1.251306895197574764e+00
1.253302867359626038e+00
1.251065062280064977e+00
1.292796465078543733e+00
1.260527867095023513e+00
1.184143646367591396e+00
1.221738483237299944e+00
1.235422747902640284e+00
1.232744885225190767e+00
1.169943101866438351e+00
1.200806724190525809e+00
1.186733329211894450e+00
1.138459518740920773e+00
1.091782491942319799e+00
1.138152396334794814e+00
1.129764114177975065e+00
1.083494564201016974e+00
1.102109902664838881e+00
1.041764215269570082e+00
1.021930754146986642e+00
9.739074944894268171e-01
1.044191497609344710e+00
9.713943382636510693e-01
9.659648547901646953e-01
8.997478410450813202e-01
8.435782425234307214e-01
8.856712234379415793e-01
8.504431584729441607e-01
8.011747898533218004e-01
7.708997081105082305e-01
7.340093789607660124e-01
7.532216685086523533e-01
7.464194549460705375e-01
7.495819036481586872e-01
6.930625534798112719e-01
6.948681203016852104e-01
6.470197048021643083e-01
6.208595807685730605e-01
6.436550280640855881e-01
5.586580009871957575e-01
5.428221028457875796e-01
5.445859055011900152e-01
5.068986391834816585e-01
4.942958285587904510e-01
4.699598876475614140e-01
4.675142474398898407e-01
3.988317918965380016e-01
4.129330502087944499e-01
3.935503637456805870e-01
3.961628664161635505e-01
3.648079874427840874e-01
3.437827286865209331e-01
3.250406344599043873e-01
3.045177473102791965e-01
2.827049222113283689e-01
2.681311396563091920e-01
2.572231166619075027e-01
2.251765565975828443e-01
2.033939436538539092e-01
2.221609136745055779e-01
2.322629891847160510e-01
1.951112757878966653e-01
1.759905648653696808e-01
1.694249442232436398e-01
1.499893946624958063e-01
1.389873053336164455e-01
1.363173392231991077e-01
1.448531604189847999e-01
1.145667773051290417e-01
1.128650747435600149e-01
1.171822466603826135e-01
1.000801894258564889e-01
9.186077672911244218e-02
1.051393017336131885e-01
8.514364556096697123e-02
7.004214777129205705e-02
6.557267216267187449e-02
7.096705231134356473e-02
4.582415090940672453e-02
4.848949794252537665e-02
5.686083914698561448e-02
3.733904093850004546e-02
3.688007475758819931e-02
4.791647013208622657e-02
3.298224492026986809e-02
3.976027037824345078e-02
2.195642947049431665e-02
2.745217772900083314e-02
3.013362478813059325e-02
1.953083638426828320e-02
1.699467681050070844e-02
2.590511344209989186e-02
1.584117868031424334e-02
1.821423997109817422e-02
1.298469906569747583e-02
1.403699481601056349e-02
1.388810213934511643e-02
1.567365331308379420e-02
1.360788079809829680e-02
1.081437460859925072e-02
8.832553655305941387e-03
4.914876488215789291e-03
3.710424789824233720e-03
6.608423575378001742e-03
2.669335046854765837e-03
5.836823242287749423e-03
6.882943219931296139e-03
3.007625221705775148e-03
1.892814952815385227e-03
1.928671103359370616e-03
8.548606396011002029e-04
9.070656415503625071e-04
1.553784260993943366e-03
8.491013544851146568e-04
7.654600248797698275e-04
1.832463371526899627e-03
-1.184665538447996803e-04
8.355652443818224230e-04
1.810958877177664371e-03
9.054441889459895372e-04
1.933383924321573381e-03
-1.184665533089730889e-04
-1.184665527761004470e-04
-1.184665527761007587e-04
-1.184665527761010839e-04
-1.184665527761020868e-04
-1.184665527761004470e-04
-1.184665533079073182e-04
-1.184665527761004470e-04
-1.184665527761010297e-04
-1.184665527761004470e-04
-1.184665527761004470e-04
-1.184665527761004470e-04
-1.184665527761004470e-04
-1.184665527761004470e-04
-1.184665532949996745e-04
-1.184665527761004470e-04
-1.184665533059735352e-04
-1.184665527761004470e-04
-1.184665527761004470e-04
-1.184665527761004605e-04
-1.184665527761004470e-04
-1.184665527761004470e-04
-1.184665527761004470e-04
-1.184665527761004470e-04
-1.184665527761004470e-04
-1.184665527761004470e-04
-1.184665527761004470e-04
-1.184665527761004605e-04
-1.184665527761004470e-04
-1.184665527761004470e-04
-1.184665527761004470e-04
-1.184665527761004470e-04
-1.184665527761004470e-04
-1.184665527761004470e-04
-1.184665527761004470e-04
-1.184665527761004470e-04
-1.184665527761004470e-04
-1.184665527761004470e-04
-1.184665527761004470e-04
-1.184665527761004470e-04
-1.184665527761004470e-04
-1.184665527761004470e-04
-1.184665527761004470e-04
-1.184665527761004470e-04
-1.184665527761004470e-04
-1.184665527761004470e-04
-1.184665527761004470e-04
-1.184665527761004470e-04
-1.184665527761004470e-04
-1.184665527761004470e-04
-1.184665527761004470e-04
-1.184665527761004470e-04
-1.184665527761004470e-04
-1.184665527761004470e-04
-1.184665527761004470e-04
-1.184665527761004470e-04
-1.184665527761004470e-04
-1.184665527761004470e-04
-1.184665527761004470e-04
-1.184665527761004470e-04
-1.184665527761004470e-04
-1.184665527761004470e-04
-1.184665527761004470e-04
-1.184665527761004470e-04
-1.184665527761004470e-04
-1.184665527761004470e-04
-1.184665527761004470e-04
-1.184665527761004470e-04
-1.184665527761004470e-04
-1.184665527761004470e-04
-1.184665527761004470e-04
-1.184665527761004470e-04
-1.184665527761004470e-04
-1.184665527761004470e-04
-1.184665527761004470e-04
-1.184665527761004470e-04
-1.184665527761004470e-04
-1.184665527761004470e-04
-1.184665527761004470e-04
-1.184665527761004470e-04
-1.184665527761004470e-04
-1.184665527761004470e-04
-1.184665527761004470e-04
-1.184665527761004470e-04
-1.184665527761004470e-04
-1.184665527761004470e-04
-1.184665527761004470e-04
-1.184665527761004470e-04
-1.184665527761004470e-04
-1.184665527761004470e-04
-1.184665527761004470e-04
-1.184665527761004470e-04
-1.184665527761004470e-04
-1.184665527761004470e-04
-1.184665527761004470e-04
-1.184665527761004470e-04
-1.184665527761004470e-04
-1.184665527761004470e-04
-1.184665527761004470e-04
-1.184665527761004470e-04
-1.184665527761004470e-04
-1.184665527761004470e-04
-1.184665527761004470e-04
-1.184665527761004470e-04
-1.184665527761004470e-04
-1.184665527761004470e-04
-1.184665527761004470e-04
-1.184665527761004470e-04
-1.184665527761004470e-04
-1.184665527761004470e-04
-1.184665527761004470e-04
-1.184665527761004470e-04
-1.184665527761004470e-04
-1.184665527761004470e-04
-1.184665527761004470e-04
-1.184665527761004470e-04
-1.184665527761004470e-04
-1.184665527761004470e-04
-1.184665527761004470e-04
-1.184665527761004470e-04
-1.184665527761004470e-04
-1.184665527761004470e-04
-1.184665527761004470e-04
-1.184665527761004470e-04
-1.184665527761004470e-04
-1.184665527761004470e-04
-1.184665527761004470e-04
-1.184665527761004470e-04
-1.184665527761004470e-04
-1.184665527761004470e-04
-1.184665527761004470e-04
-1.184665527761004470e-04
