3.269897981189056474e-02
3.169594362134177390e-02
3.520657028826253837e-02
4.152569828871991581e-02
4.142539466966504297e-02
5.135545295609806465e-02
5.095423847987854554e-02
5.225818552759197572e-02
5.637063390884201886e-02
6.499674514756161037e-02
6.991162248125068479e-02
7.362285638628121576e-02
8.575959429192157868e-02
9.097538248277528550e-02
9.990240457865950940e-02
1.068233542934461655e-01
1.120391424842998723e-01
1.172549306751535930e-01
1.301940975332329942e-01
1.349083676288123090e-01
1.416287101054891917e-01
1.487502670583855935e-01
1.634948990594528306e-01
1.847592662990871770e-01
1.895738400137213786e-01
1.959932716332336289e-01
2.116406362057947632e-01
2.298958948737827301e-01
2.372180590647889054e-01
2.591845516378074032e-01
2.560751394471061926e-01
2.783425428772893229e-01
2.963971943071675441e-01
3.145521493561006521e-01
3.236797786900946217e-01
3.490565943109790181e-01
3.663088167884182011e-01
3.798498053608269087e-01
4.029196377434490772e-01
4.208739855542724118e-01
4.515668929850654156e-01
4.646063634621996896e-01
4.870743741304925933e-01
4.912871261307975024e-01
5.246882312760722256e-01
5.506668686112858868e-01
5.870770823282069895e-01
5.855725280423837997e-01
6.142593630920791803e-01
6.345206941411647428e-01
6.529765600472624554e-01
6.782530720490920206e-01
7.114535699562569704e-01
7.306115611957388900e-01
7.471616583397938660e-01
7.803621562469588158e-01
8.097511166300384033e-01
8.192799604402519753e-01
8.497722606329352057e-01
8.821703295876610618e-01
9.092523067324784769e-01
9.346291223533628179e-01
9.426534118777530891e-01
9.588022945455886292e-01
9.693341745463509573e-01
1.008552889596808777e+00
1.028212398931565019e+00
1.058102877409918818e+00
1.061914414934004292e+00
1.084783640078516687e+00
1.099628575698638810e+00
1.129418750557937834e+00
1.128716625224553738e+00
1.169640501798944410e+00
1.158105585607633214e+00
1.187293938752603140e+00
1.189600921990865423e+00
1.211467110944828951e+00
1.214375915897420333e+00
1.230524798565255873e+00
1.243263358185225709e+00
1.250485218757176886e+00
1.261919831329433084e+00
1.248780057233243923e+00
1.258509508281567157e+00
1.244567305232939125e+00
1.258810419138731929e+00
1.257105257614798965e+00
1.275862034378061338e+00
1.266333190567847877e+00
1.261919831329433084e+00
1.236944230184768179e+00
1.228318118946048587e+00
1.216883506373792390e+00
1.204947375706261870e+00
1.210163163897115535e+00
1.200634320086902074e+00
1.197223997039036147e+00
1.173050824846810336e+00
1.146771276654432015e+00
1.131023608462816021e+00
1.130221179510376928e+00
1.101534344460681547e+00
1.087291230554888743e+00
1.059507128076687232e+00
1.041051262170589409e+00
1.031121203884156401e+00
1.019285376835680657e+00
9.928052214051926727e-01
9.865863970237901404e-01
9.381397490202836309e-01
9.405470358776006901e-01
9.068450198751613067e-01
8.653193215864414256e-01
8.662220541579352950e-01
8.282069825361361159e-01
7.979152895815626589e-01
7.866812842474162348e-01
7.624078084361355367e-01
7.375325109105255184e-01
7.153654110993972193e-01
6.951040800503116568e-01
6.633078328099150101e-01
6.188733295686036362e-01
6.117517726157072344e-01
5.860740461376582333e-01
5.788521855657069448e-01
5.628036065169262914e-01
5.303052339431454376e-01
5.120499752751574984e-01
4.919892514641816539e-01
4.592902716522910822e-01
4.454483722227177700e-01
4.203724674589980337e-01
4.064302644103698348e-01
3.829592175515281194e-01
3.667100312646377480e-01
3.543726861208876255e-01
3.341113550718020631e-01
3.201691520231738641e-01
3.001084282121980751e-01
2.818531695442100804e-01
2.770385958295759066e-01
2.577803009710391002e-01
2.514611729705817367e-01
2.215706944922277710e-01
2.179597642062521268e-01
2.009081489669226894e-01
1.935859847759165420e-01
1.775374057271358885e-01
1.681088655359772588e-01
1.572760746780503260e-01
1.548687878207332391e-01
1.360117074384159797e-01
1.288901504855195501e-01
1.236743622946658433e-01
1.114373207699706075e-01
1.130421786748486701e-01
9.288115124481798046e-02
8.886900648262281710e-02
8.445564724420814851e-02
7.783560838658612480e-02
7.683257219603734089e-02
7.031283695747020390e-02
6.830676457637262222e-02
5.627033028978713908e-02
5.817609905182984098e-02
4.533723581280531961e-02
4.694209371768338912e-02
4.052266209817113191e-02
3.901810781234794218e-02
3.580839200259181704e-02
3.540717752637229793e-02
3.330080152621983647e-02
2.738288800198197467e-02
2.758349524009173423e-02
2.296952876356729914e-02
1.945890209664653120e-02
1.935859847759165489e-02
1.665040076310991823e-02
1.705161523932943388e-02
1.394220304862818505e-02
1.334038133429891158e-02
1.193613066753060510e-02
1.073248723887205644e-02
1.173552342942084728e-02
7.422467810061048055e-03
8.826718476829354537e-03
9.127629333993992136e-03
6.519735238567136992e-03
8.124593143445201296e-03
5.617002667073225930e-03
5.817609905182983751e-03
5.416395428963468109e-03
3.310019428811007951e-03
4.513662857469556179e-03
2.808501333536612965e-03
2.407286857317096889e-03
3.009108571646370786e-03
3.009108571646370786e-03
2.407286857317096889e-03
2.607894095426854710e-03
2.206679619207338634e-03
1.103339809603669317e-03
1.303947047713427355e-03
9.027325714939112792e-04
1.303947047713427355e-03
8.024289524390322602e-04
1.303947047713427355e-03
1.203643428658548445e-03
8.024289524390322602e-04
1.404250666768306482e-03
5.015180952743952033e-04
4.012144762195161301e-04
3.009108571646371111e-04
4.012144762195161301e-04
4.012144762195161301e-04
2.006072381097580651e-04
1.003036190548790325e-04
1.003036190548790325e-04
1.003036190548790325e-04
1.003036190548790325e-04
2.006072381097580651e-04
2.006072381097580651e-04
2.006072381097580651e-04
3.009108571646371111e-04
0.000000000000000000e+00
0.000000000000000000e+00
0.000000000000000000e+00
0.000000000000000000e+00
1.003036190548790325e-04
0.000000000000000000e+00
0.000000000000000000e+00
1.003036190548790325e-04
0.000000000000000000e+00
1.003036190548790325e-04
0.000000000000000000e+00
0.000000000000000000e+00
0.000000000000000000e+00
0.000000000000000000e+00
0.000000000000000000e+00
0.000000000000000000e+00
0.000000000000000000e+00
0.000000000000000000e+00
0.000000000000000000e+00
0.000000000000000000e+00
0.000000000000000000e+00
0.000000000000000000e+00
0.000000000000000000e+00
0.000000000000000000e+00
1.003036190548790325e-04
0.000000000000000000e+00
0.000000000000000000e+00
0.000000000000000000e+00
0.000000000000000000e+00
0.000000000000000000e+00
0.000000000000000000e+00
0.000000000000000000e+00
0.000000000000000000e+00
0.000000000000000000e+00
0.000000000000000000e+00
0.000000000000000000e+00
0.000000000000000000e+00
0.000000000000000000e+00
0.000000000000000000e+00
0.000000000000000000e+00
0.000000000000000000e+00
0.000000000000000000e+00
0.000000000000000000e+00
0.000000000000000000e+00
0.000000000000000000e+00
0.000000000000000000e+00
0.000000000000000000e+00
0.000000000000000000e+00
0.000000000000000000e+00
0.000000000000000000e+00
0.000000000000000000e+00
0.000000000000000000e+00
0.000000000000000000e+00
0.000000000000000000e+00
0.000000000000000000e+00
0.000000000000000000e+00
0.000000000000000000e+00
0.000000000000000000e+00
0.000000000000000000e+00
0.000000000000000000e+00
0.000000000000000000e+00
0.000000000000000000e+00
0.000000000000000000e+00
0.000000000000000000e+00
0.000000000000000000e+00
0.000000000000000000e+00
0.000000000000000000e+00
0.000000000000000000e+00
0.000000000000000000e+00
0.000000000000000000e+00
0.000000000000000000e+00
0.000000000000000000e+00
0.000000000000000000e+00
0.000000000000000000e+00
0.000000000000000000e+00
0.000000000000000000e+00
0.000000000000000000e+00
0.000000000000000000e+00
0.000000000000000000e+00
0.000000000000000000e+00
0.000000000000000000e+00
0.000000000000000000e+00
0.000000000000000000e+00
0.000000000000000000e+00
0.000000000000000000e+00
0.000000000000000000e+00
0.000000000000000000e+00
0.000000000000000000e+00
0.000000000000000000e+00
0.000000000000000000e+00
0.000000000000000000e+00
0.000000000000000000e+00
0.000000000000000000e+00
0.000000000000000000e+00
0.000000000000000000e+00
0.000000000000000000e+00
0.000000000000000000e+00
0.000000000000000000e+00
0.000000000000000000e+00
0.000000000000000000e+00
0.000000000000000000e+00
0.000000000000000000e+00
0.000000000000000000e+00
0.000000000000000000e+00
0.000000000000000000e+00
0.000000000000000000e+00
0.000000000000000000e+00
0.000000000000000000e+00
0.000000000000000000e+00
0.000000000000000000e+00
0.000000000000000000e+00
0.000000000000000000e+00
0.000000000000000000e+00
0.000000000000000000e+00
