1.511877752168191806e-02
1.471828010388901917e-02
1.762188638288753398e-02
2.192723362416119232e-02
2.092599007967894595e-02
2.102611443412717024e-02
2.573195909319372920e-02
2.553171038429727716e-02
2.743407311881354560e-02
2.913618714443336546e-02
3.274066390456945030e-02
4.024999048818629632e-02
3.724625985473956069e-02
4.705844659066557578e-02
4.475558643835640671e-02
4.745894400845847294e-02
5.526864365541998836e-02
6.227734846679571640e-02
6.257772153014039274e-02
6.938617763261965832e-02
7.999935920413146773e-02
8.210197064754419516e-02
8.220209500199240904e-02
9.561875849805451244e-02
9.341602270019357113e-02
1.073333079684967994e-01
1.135410179442867262e-01
1.283594224026239627e-01
1.360689976951372504e-01
1.437785729876505658e-01
1.569949877748162137e-01
1.625018272694685739e-01
1.791224701078738546e-01
1.805242110701489877e-01
1.972449782630024961e-01
2.121635070757879882e-01
2.161684812537169598e-01
2.323886266743293572e-01
2.437026787269787331e-01
2.588214562486606529e-01
2.793469489105466774e-01
3.016746799525008016e-01
3.061802759026708842e-01
3.177947010186649712e-01
3.373189501360687736e-01
3.646528989004340637e-01
3.790708059409784170e-01
3.951908270071425866e-01
4.210229104547845158e-01
4.418487761800152791e-01
4.632753880319353534e-01
4.757909323379634348e-01
4.975179172532281369e-01
5.232498763464218383e-01
5.384687782225520136e-01
5.746136701783610690e-01
6.005458779804513370e-01
6.170663964644083066e-01
6.348885315561922926e-01
6.554140242180783726e-01
6.796441179945487132e-01
7.025725951631921484e-01
7.334108963332454101e-01
7.651503166933325550e-01
7.786671045438429140e-01
7.870775503174937127e-01
8.165141105252717857e-01
8.540607434433560297e-01
8.455501733152569477e-01
9.061254077564327991e-01
9.157373457834624420e-01
9.392665690787951327e-01
9.608934296396116626e-01
9.730084765278468328e-01
1.013058218307136826e+00
1.031781472588954696e+00
1.054910198466494586e+00
1.067826240190315579e+00
1.075535815482828950e+00
1.119790780148944176e+00
1.135009682025074351e+00
1.135510303797315546e+00
1.143119754735380411e+00
1.174458677677674867e+00
1.169452459955263590e+00
1.199189393226386402e+00
1.209402077380105300e+00
1.219514637179375915e+00
1.233431922447679074e+00
1.220415756369410021e+00
1.250553187058325522e+00
1.215509663001447027e+00
1.235734782599988257e+00
1.237537020980056246e+00
1.252956171565082988e+00
1.267374078605627341e+00
1.247949953842671711e+00
1.237436896625608185e+00
1.251954928020600599e+00
1.242443114348019240e+00
1.239038886296779607e+00
1.210303196570139184e+00
1.203895237885452829e+00
1.219314388470479349e+00
1.210203072215691122e+00
1.163444998688370147e+00
1.173056936715399790e+00
1.170954325271986951e+00
1.181767755552395327e+00
1.155134677269167520e+00
1.127199982378112697e+00
1.119991028857840520e+00
1.093958696701302191e+00
1.068827483734797745e+00
1.048802612845152860e+00
1.038589928691433961e+00
9.967379485320760901e-01
9.893287463029074580e-01
9.642976576908512953e-01
9.537846004737877692e-01
9.246484133293544350e-01
8.972143402105408061e-01
8.723835003073810990e-01
8.549618626333900240e-01
8.541608677978043129e-01
8.179158514875469743e-01
7.852753119374257240e-01
7.706571561879849153e-01
7.283045542563859609e-01
7.093810512656714140e-01
6.852510818436493567e-01
6.681298172330029095e-01
6.436994747476361134e-01
6.193692566167174895e-01
5.877299606110785168e-01
5.778176495207042462e-01
5.731118048616377081e-01
5.391696487036895524e-01
5.155403010539085784e-01
4.916105803407829211e-01
4.650776264120033976e-01
4.469551182568747283e-01
4.277312422028156091e-01
3.922872207281440926e-01
3.877816247779739545e-01
3.767679457886692340e-01
3.520372302399577547e-01
3.454290228463749446e-01
3.121877371695643832e-01
3.027760478514312514e-01
2.841529179240614988e-01
2.710366274913440510e-01
2.603233215653840138e-01
2.390969584223603950e-01
2.289843986230897244e-01
2.209744502672317534e-01
2.029520664665513119e-01
1.965441077818649296e-01
1.851299313747673259e-01
1.736156306132214944e-01
1.634029464595025960e-01
1.572953608381608692e-01
1.368699925307230725e-01
1.316635260994153678e-01
1.248550699969361022e-01
1.137412666531831679e-01
1.138413910076313956e-01
1.047300747528429610e-01
9.261502786460777681e-02
8.480532821764626139e-02
8.240234371088886456e-02
7.168903778492882739e-02
7.018717246820546651e-02
6.648257135362115045e-02
6.267784588458862050e-02
5.747137945328093661e-02
5.036255028745698775e-02
4.966167980631941425e-02
4.415484031166706097e-02
3.874812517146292851e-02
3.584451889246441370e-02
3.534389712022328878e-02
3.163929600563897965e-02
2.943656020777803833e-02
2.663307828322775128e-02
2.202735797860941661e-02
2.453046683981503426e-02
1.932400040850735384e-02
1.902362734516267750e-02
1.792225944623220685e-02
1.491852881278546948e-02
1.541915058502659266e-02
1.251554430602807785e-02
1.301616607826920104e-02
1.171454947044228007e-02
8.810943191443766989e-03
7.909824001409744912e-03
8.310321419202643806e-03
6.407958684686376229e-03
7.509326583616846885e-03
5.807212557997027888e-03
4.405471595721883495e-03
5.506839494652354151e-03
3.704601114584310864e-03
3.904849823480760311e-03
2.903606278998513944e-03
3.203979342343188114e-03
2.002487088964492300e-03
2.302860152309166471e-03
2.202735797860941747e-03
1.702114025619818564e-03
1.902362734516267794e-03
1.001243544482246150e-03
9.011191900340216436e-04
9.011191900340216436e-04
7.008704811375724136e-04
7.008704811375724136e-04
1.101367898930470874e-03
8.009948355857970286e-04
5.006217722411230751e-04
1.001243544482246150e-03
9.011191900340216436e-04
6.007461266893476901e-04
5.006217722411230751e-04
2.002487088964492571e-04
4.004974177928985143e-04
6.007461266893476901e-04
3.003730633446738451e-04
2.002487088964492571e-04
3.003730633446738451e-04
2.002487088964492571e-04
3.003730633446738451e-04
0.000000000000000000e+00
1.001243544482246286e-04
1.001243544482246286e-04
0.000000000000000000e+00
2.002487088964492571e-04
1.001243544482246286e-04
0.000000000000000000e+00
0.000000000000000000e+00
1.001243544482246286e-04
0.000000000000000000e+00
0.000000000000000000e+00
1.001243544482246286e-04
0.000000000000000000e+00
0.000000000000000000e+00
0.000000000000000000e+00
0.000000000000000000e+00
0.000000000000000000e+00
0.000000000000000000e+00
0.000000000000000000e+00
0.000000000000000000e+00
1.001243544482246286e-04
0.000000000000000000e+00
0.000000000000000000e+00
0.000000000000000000e+00
0.000000000000000000e+00
1.001243544482246286e-04
0.000000000000000000e+00
0.000000000000000000e+00
0.000000000000000000e+00
0.000000000000000000e+00
0.000000000000000000e+00
0.000000000000000000e+00
0.000000000000000000e+00
0.000000000000000000e+00
0.000000000000000000e+00
0.000000000000000000e+00
0.000000000000000000e+00
0.000000000000000000e+00
0.000000000000000000e+00
0.000000000000000000e+00
0.000000000000000000e+00
0.000000000000000000e+00
0.000000000000000000e+00
0.000000000000000000e+00
0.000000000000000000e+00
0.000000000000000000e+00
0.000000000000000000e+00
0.000000000000000000e+00
0.000000000000000000e+00
0.000000000000000000e+00
0.000000000000000000e+00
0.000000000000000000e+00
0.000000000000000000e+00
0.000000000000000000e+00
0.000000000000000000e+00
0.000000000000000000e+00
0.000000000000000000e+00
0.000000000000000000e+00
0.000000000000000000e+00
0.000000000000000000e+00
0.000000000000000000e+00
0.000000000000000000e+00
0.000000000000000000e+00
0.000000000000000000e+00
0.000000000000000000e+00
0.000000000000000000e+00
0.000000000000000000e+00
0.000000000000000000e+00
0.000000000000000000e+00
0.000000000000000000e+00
0.000000000000000000e+00
0.000000000000000000e+00
0.000000000000000000e+00
0.000000000000000000e+00
0.000000000000000000e+00
0.000000000000000000e+00
0.000000000000000000e+00
0.000000000000000000e+00
0.000000000000000000e+00
0.000000000000000000e+00
0.000000000000000000e+00
0.000000000000000000e+00
0.000000000000000000e+00
0.000000000000000000e+00
0.000000000000000000e+00
0.000000000000000000e+00
0.000000000000000000e+00
0.000000000000000000e+00
0.000000000000000000e+00
0.000000000000000000e+00
0.000000000000000000e+00
0.000000000000000000e+00
0.000000000000000000e+00
0.000000000000000000e+00
0.000000000000000000e+00
0.000000000000000000e+00
0.000000000000000000e+00
0.000000000000000000e+00
0.000000000000000000e+00
0.000000000000000000e+00
0.000000000000000000e+00
0.000000000000000000e+00
0.000000000000000000e+00
0.000000000000000000e+00
0.000000000000000000e+00
0.000000000000000000e+00
0.000000000000000000e+00
0.000000000000000000e+00
