2.000012000071999007e-04
1.000006000035999503e-04
0.000000000000000000e+00
1.000006000035999503e-04
2.000012000071999007e-04
1.000006000035999503e-04
0.000000000000000000e+00
2.000012000071999007e-04
2.000012000071999007e-04
5.000030000179997653e-04
3.000018000107998375e-04
4.000024000143998014e-04
5.000030000179997653e-04
2.000012000071999007e-04
4.000024000143998014e-04
3.000018000107998375e-04
3.000018000107998375e-04
4.000024000143998014e-04
1.100006600039599332e-03
1.000006000035999531e-03
9.000054000323995124e-04
1.000006000035999531e-03
9.000054000323995124e-04
1.600009600057599205e-03
1.900011400068398826e-03
2.400014400086398700e-03
1.600009600057599205e-03
2.400014400086398700e-03
2.700016200097198320e-03
3.900023400140397670e-03
3.400020400122398014e-03
3.000018000107998375e-03
4.200025200151197291e-03
4.900029400176397418e-03
4.800028800172797400e-03
5.500033000197996659e-03
6.400038400230396822e-03
7.700046200277195323e-03
1.090006540039239330e-02
8.800052800316794654e-03
9.900059400356394854e-03
9.800058800352794836e-03
1.090006540039239330e-02
1.670010020060119088e-02
1.370008220049319207e-02
1.570009420056519070e-02
1.810010860065159113e-02
1.880011280067678953e-02
2.180013080078478660e-02
2.320013920083518685e-02
2.320013920083518685e-02
2.690016140096838579e-02
3.230019380116277983e-02
3.240019440116638505e-02
3.830022980137878091e-02
3.450020700124198370e-02
3.920023520141117934e-02
4.680028080168477378e-02
5.160030960185756771e-02
5.020030120180717093e-02
5.380032280193677158e-02
6.350038100228595772e-02
6.700040200241196009e-02
7.390044340266035960e-02
7.600045600273595825e-02
8.640051840311034625e-02
8.800052800316794654e-02
9.850059100354593977e-02
1.077006462038771345e-01
1.170007020042119344e-01
1.131006786040715389e-01
1.230007380044279286e-01
1.387008322049931297e-01
1.420008520051119216e-01
1.585009510057059090e-01
1.705010230061378973e-01
1.734010404062422961e-01
1.879011274067642900e-01
1.935011610069659049e-01
2.064012384074302708e-01
2.199013194079162681e-01
2.383014298085786575e-01
2.472014832088990643e-01
2.677016062096370663e-01
2.737016422098530466e-01
2.978017868107206145e-01
3.133018798112786052e-01
3.300019800118798030e-01
3.442020652123909952e-01
3.676022056132333682e-01
3.683022098132586186e-01
3.993023958143745999e-01
4.170025020150117667e-01
4.415026490158937555e-01
4.482026892161349307e-01
4.903029418176505505e-01
5.011030066180393039e-01
5.157030942185648614e-01
5.396032376194253022e-01
5.694034164204980764e-01
5.984035904215420087e-01
6.149036894221360239e-01
6.206037236223412856e-01
6.578039468236804854e-01
6.658039948239684591e-01
6.988041928251563784e-01
7.132042792256747532e-01
7.356044136264812128e-01
7.686046116276691320e-01
7.859047154282919889e-01
8.045048270289615333e-01
8.442050652303907388e-01
8.777052662315967257e-01
9.090054540327234811e-01
9.044054264325579462e-01
9.265055590333535207e-01
9.461056766340590896e-01
9.747058482350886566e-01
9.868059208355242085e-01
1.024806148836892250e+00
1.028506171037025352e+00
1.050906305437831811e+00
1.074006444038663410e+00
1.069206415238490582e+00
1.113206679240074548e+00
1.131106786640718953e+00
1.116406698440189693e+00
1.163006978041867256e+00
1.184407106442637803e+00
1.176607059642357012e+00
1.196807180843084017e+00
1.192607155642932959e+00
1.203507221043325304e+00
1.203207219243314530e+00
1.218007308043847381e+00
1.247807486844920044e+00
1.228707372244232543e+00
1.221907331443987665e+00
1.246007476044855400e+00
1.246707480244880539e+00
1.246507479044873357e+00
1.241807450844704119e+00
1.232507395044369236e+00
1.232307393844362053e+00
1.240807444844668206e+00
1.227607365644192816e+00
1.213307279843678144e+00
1.202407214443285799e+00
1.195607173643040921e+00
1.195707174243044513e+00
1.164806988841932123e+00
1.170107020642122908e+00
1.140306841841050245e+00
1.124206745240470484e+00
1.123506741040445345e+00
1.096806580839484235e+00
1.092506555039329363e+00
1.051206307237842585e+00
1.036906221437327913e+00
1.027706166236996621e+00
1.019306115836694282e+00
9.902059412356466472e-01
9.719058314349878769e-01
9.625057750346495133e-01
9.104054624327738710e-01
9.115054690328134868e-01
9.046054276325651289e-01
8.642051852311106730e-01
8.392050352302107274e-01
8.047048282289687160e-01
7.908047448284684089e-01
7.735046410278455520e-01
7.448044688268123936e-01
7.228043368260204105e-01
6.929041574249440449e-01
6.716040296241772012e-01
6.442038652231908413e-01
6.268037608225643931e-01
6.096036576219452385e-01
5.664033984203901140e-01
5.573033438200625245e-01
5.430032580195477410e-01
5.177031062186369104e-01
5.058030348182085412e-01
4.767028602171609064e-01
4.591027546165273310e-01
4.278025668154005756e-01
4.297025782154689777e-01
4.002024012144069776e-01
3.802022812136869878e-01
3.743022458134745989e-01
3.420020520123118191e-01
3.310019860119158275e-01
3.080018480110878198e-01
2.950017700106198348e-01
2.846017076102454468e-01
2.717016302097810532e-01
2.494014964089782682e-01
2.376014256085534626e-01
2.213013278079666857e-01
2.067012402074410726e-01
1.966011796070774864e-01
1.892011352068110885e-01
1.799010794064762886e-01
1.622009732058391218e-01
1.483008898053387037e-01
1.545009270055619222e-01
1.347008082048491151e-01
1.311007866047195214e-01
1.223007338044027337e-01
1.090006540039239330e-01
1.024006144036863492e-01
1.036006216037295424e-01
9.360056160336954756e-02
8.800052800316794654e-02
7.780046680280075511e-02
7.520045120270715810e-02
6.930041580249475530e-02
6.220037320223916616e-02
5.600033600201596851e-02
5.140030840185037114e-02
4.810028860173157228e-02
4.630027780166677542e-02
4.240025440152637298e-02
4.030024180145077434e-02
3.780022680136077562e-02
3.250019500116998333e-02
3.050018300109798297e-02
2.810016860101158254e-02
2.540015240091438725e-02
2.130012780076678824e-02
1.980011880071278971e-02
1.850011100066599121e-02
1.740010440062638927e-02
1.680010080060478916e-02
1.570009420056519070e-02
1.370008220049319207e-02
9.700058200349194817e-03
9.900059400356394854e-03
1.010006060036359489e-02
9.800058800352794836e-03
9.700058200349194817e-03
7.300043800262796118e-03
6.500039000233995973e-03
6.200037200223196786e-03
6.400038400230396822e-03
4.800028800172797400e-03
4.200025200151197291e-03
3.900023400140397670e-03
3.900023400140397670e-03
2.100012600075598646e-03
3.500021000125998032e-03
2.200013200079198664e-03
2.300013800082798682e-03
1.700010200061199007e-03
1.800010800064799025e-03
2.400014400086398700e-03
1.400008400050399169e-03
1.300007800046799368e-03
8.000048000287996027e-04
6.000036000215996750e-04
9.000054000323995124e-04
6.000036000215996750e-04
3.000018000107998375e-04
5.000030000179997653e-04
5.000030000179997653e-04
8.000048000287996027e-04
3.000018000107998375e-04
6.000036000215996750e-04
5.000030000179997653e-04
7.000042000251995846e-04
3.000018000107998375e-04
4.000024000143998014e-04
2.000012000071999007e-04
3.000018000107998375e-04
2.000012000071999007e-04
1.000006000035999503e-04
2.000012000071999007e-04
0.000000000000000000e+00
0.000000000000000000e+00
1.000006000035999503e-04
0.000000000000000000e+00
1.000006000035999503e-04
1.000006000035999503e-04
0.000000000000000000e+00
1.000006000035999503e-04
1.000006000035999503e-04
0.000000000000000000e+00
1.000006000035999503e-04
1.000006000035999503e-04
0.000000000000000000e+00
0.000000000000000000e+00
1.000006000035999503e-04
0.000000000000000000e+00
1.000006000035999503e-04
0.000000000000000000e+00
0.000000000000000000e+00
0.000000000000000000e+00
0.000000000000000000e+00
0.000000000000000000e+00
0.000000000000000000e+00
0.000000000000000000e+00
0.000000000000000000e+00
0.000000000000000000e+00
1.000006000035999503e-04
0.000000000000000000e+00
0.000000000000000000e+00
0.000000000000000000e+00
0.000000000000000000e+00
0.000000000000000000e+00
0.000000000000000000e+00
0.000000000000000000e+00
0.000000000000000000e+00
0.000000000000000000e+00
0.000000000000000000e+00
0.000000000000000000e+00
0.000000000000000000e+00
0.000000000000000000e+00
0.000000000000000000e+00
0.000000000000000000e+00
0.000000000000000000e+00
0.000000000000000000e+00
0.000000000000000000e+00
0.000000000000000000e+00
0.000000000000000000e+00
0.000000000000000000e+00
0.000000000000000000e+00
0.000000000000000000e+00
0.000000000000000000e+00
0.000000000000000000e+00
0.000000000000000000e+00
0.000000000000000000e+00
0.000000000000000000e+00
0.000000000000000000e+00
0.000000000000000000e+00
0.000000000000000000e+00
0.000000000000000000e+00
0.000000000000000000e+00
0.000000000000000000e+00
0.000000000000000000e+00
