9.500620390511493570e-04
1.180077059031953883e-03
1.130073793818735456e-03
1.230080324245172311e-03
1.290084242501034380e-03
1.650107752036206795e-03
1.660108405078850437e-03
1.940126690272873282e-03
2.490162607618275764e-03
2.820184158025517036e-03
3.180207667560689452e-03
3.440224646669425013e-03
3.990260564014826844e-03
3.840250768375171996e-03
5.010327174364482238e-03
4.980325215236551528e-03
5.010327174364482238e-03
5.230341541302642797e-03
6.820445375082987739e-03
7.010457782893217589e-03
8.750571412313216946e-03
9.160598187061608222e-03
9.560624308767355639e-03
1.135074120340057342e-02
1.233080520157965425e-02
1.438093907532160716e-02
1.441094103444953874e-02
1.697110821336631978e-02
1.815118527239827431e-02
1.968128518792275697e-02
2.158140926602505547e-02
2.267148044767321527e-02
2.602169921695884902e-02
2.793182394810379138e-02
3.042198655572206714e-02
3.341218181547252891e-02
3.632237185088183634e-02
4.000261217057470703e-02
4.229276171734010908e-02
4.815314440032930632e-02
5.018327696798597498e-02
5.453356104153597034e-02
5.883384184987275334e-02
6.273409653650378892e-02
6.955454191158677579e-02
7.262474239567838497e-02
7.983521323942448233e-02
8.647564685973987975e-02
9.115595248369712245e-02
9.991652454905297631e-02
1.067569712302212509e-01
1.138674355435409097e-01
1.215879396924618300e-01
1.310385568177601101e-01
1.390190779457897707e-01
1.482696820102351598e-01
1.585503533380728525e-01
1.695110690728103275e-01
1.798417436658612534e-01
1.941426775168416941e-01
2.030232574187093020e-01
2.183042552678688408e-01
2.291349625130519319e-01
2.422158166928298495e-01
2.596669562522430641e-01
2.724677921468269814e-01
2.881988193829054801e-01
3.022097342956492905e-01
3.198308849567874645e-01
3.393121570838573131e-01
3.562632639911383348e-01
3.704141880464791869e-01
3.884853680945362653e-01
4.080666467520325802e-01
4.276679267156142106e-01
4.493993457772789135e-01
4.664204572558584561e-01
4.879918658688408573e-01
5.115734057433947157e-01
5.331448143563770614e-01
5.526060851773616500e-01
5.726773958339475001e-01
5.980890552153050876e-01
6.262608948364323247e-01
6.414618874612507682e-01
6.646133992549708713e-01
6.905550932475885695e-01
7.137966109186925090e-01
7.369181207532846667e-01
7.590295646305698085e-01
7.861413350291768243e-01
8.097728781689438327e-01
8.321943422905510035e-01
8.549658292686506122e-01
8.784773645719059498e-01
9.011088424074085168e-01
9.159498115226917259e-01
9.404114088649981884e-01
9.656530571446307887e-01
9.931648536649435588e-01
1.005025628173519037e+00
1.027847118416831851e+00
1.039467877252383765e+00
1.063039416473894994e+00
1.084500817903408354e+00
1.099921824895164768e+00
1.119963133592622784e+00
1.133804037403641551e+00
1.152455255328172168e+00
1.159155692866743248e+00
1.177836912750401810e+00
1.189497674198124244e+00
1.206358775228021596e+00
1.209088953508663300e+00
1.212549179461417825e+00
1.224439955929121249e+00
1.231520418283313045e+00
1.233170526035349157e+00
1.243531202587528028e+00
1.247291448131562008e+00
1.246801416132472529e+00
1.252231770734627991e+00
1.245371322747374387e+00
1.239140915901807416e+00
1.237510809455856453e+00
1.234490612236978091e+00
1.227890181228833422e+00
1.224449956582163823e+00
1.205158696862904222e+00
1.203688600865635561e+00
1.190477738196303426e+00
1.181767169396160666e+00
1.171106473252702562e+00
1.155935482587012064e+00
1.153065295163773429e+00
1.128183670393675841e+00
1.109532452469145447e+00
1.090751226055060696e+00
1.076210276531056609e+00
1.063779464799050611e+00
1.041207990881803713e+00
1.024726914667527078e+00
1.002045433566811194e+00
9.806540367085962995e-01
9.602227025424753259e-01
9.394313448668191180e-01
9.139296796080776941e-01
8.960785139269588084e-01
8.701768225465116302e-01
8.462552604685079638e-01
8.219736748809691740e-01
8.003222610436455664e-01
7.767607224751770234e-01
7.473087992645913724e-01
7.288175917887432798e-01
7.035559422030253085e-01
6.859047895827592445e-01
6.603631217118473007e-01
6.351014721261293294e-01
6.134900609009763528e-01
5.900485301690195916e-01
5.693471783707472200e-01
5.419353883808608607e-01
5.237141985371640551e-01
5.069631046907359107e-01
4.816914544519753649e-01
4.602500543285473200e-01
4.400387345293644281e-01
4.233576452542348045e-01
4.025062836603227057e-01
3.821449540655001975e-01
3.650938406277927095e-01
3.492228042491172246e-01
3.335017776660813560e-01
3.150605734554464132e-01
2.969193888360907585e-01
2.869787397117029570e-01
2.722477777798888443e-01
2.516464325120428280e-01
2.416357788163565334e-01
2.271648338636511333e-01
2.166141449036620426e-01
2.045933599464043462e-01
1.900924130345710283e-01
1.815718566422385993e-01
1.694810671136824098e-01
1.576202926051069875e-01
1.473596225833545825e-01
1.391290851292588393e-01
1.297584732283017239e-01
1.232680494036259705e-01
1.170276419050163136e-01
1.055468922120613717e-01
9.948649646821930426e-02
9.288606546007446840e-02
8.675566514493389392e-02
8.118530140018137553e-02
7.439485798422632024e-02
6.972455301331172139e-02
6.400417947291953125e-02
5.974390127675333062e-02
5.496358912236964933e-02
5.115334031312240848e-02
4.625302032222700782e-02
4.347283877637206362e-02
4.074266049573033871e-02
3.710242278820804346e-02
3.384220989630620097e-02
3.149205643128494270e-02
2.783181741767735279e-02
2.735178607163045797e-02
2.490162607618275764e-02
2.221145040771160817e-02
1.960127996358160610e-02
1.914124992361999900e-02
1.719112258030448120e-02
1.575102854216379328e-02
1.402091556578643518e-02
1.206078756942827526e-02
1.122073271384620673e-02
1.092071312256689616e-02
9.520621696596780204e-03
8.910581860995516953e-03
7.940518515859079987e-03
7.540492394153332570e-03
6.830446028125631598e-03
5.700372234306896359e-03
5.460356561283448082e-03
4.470291910061723398e-03
4.170272318782413702e-03
4.210274930952988270e-03
3.340218116242988158e-03
3.130204402347471025e-03
2.460160648490344621e-03
2.460160648490344621e-03
2.020131914614022636e-03
2.130139098083103349e-03
1.810118200718505502e-03
1.650107752036206795e-03
1.490097303353907872e-03
1.360088813799540091e-03
1.290084242501034380e-03
9.500620390511493570e-04
8.500555086247126111e-04
8.100528964541378260e-04
7.200470190703447222e-04
6.300411416865516184e-04
5.900385295159769417e-04
4.600300399616091612e-04
4.900319990895401958e-04
3.200208973645976844e-04
2.500163260660919189e-04
2.200143669381609114e-04
2.600169791087356152e-04
2.400156730234482498e-04
2.300150199808045806e-04
2.400156730234482498e-04
1.700111017249425114e-04
1.400091425970114768e-04
1.200078365117241249e-04
9.000587738379309027e-05
1.000065304264367730e-04
5.000326521321838650e-05
8.000522434114942111e-05
5.000326521321838650e-05
4.000261217057471055e-05
3.000195912793103122e-05
1.000065304264367764e-05
5.000326521321838650e-05
2.000130608528735528e-05
2.000130608528735528e-05
2.000130608528735528e-05
3.000195912793103122e-05
3.000195912793103122e-05
1.000065304264367764e-05
0.000000000000000000e+00
0.000000000000000000e+00
0.000000000000000000e+00
0.000000000000000000e+00
1.000065304264367764e-05
0.000000000000000000e+00
0.000000000000000000e+00
0.000000000000000000e+00
1.000065304264367764e-05
0.000000000000000000e+00
0.000000000000000000e+00
0.000000000000000000e+00
0.000000000000000000e+00
0.000000000000000000e+00
0.000000000000000000e+00
0.000000000000000000e+00
0.000000000000000000e+00
0.000000000000000000e+00
0.000000000000000000e+00
0.000000000000000000e+00
0.000000000000000000e+00
0.000000000000000000e+00
0.000000000000000000e+00
0.000000000000000000e+00
0.000000000000000000e+00
0.000000000000000000e+00
0.000000000000000000e+00
0.000000000000000000e+00
0.000000000000000000e+00
0.000000000000000000e+00
0.000000000000000000e+00
0.000000000000000000e+00
0.000000000000000000e+00
0.000000000000000000e+00
0.000000000000000000e+00
0.000000000000000000e+00
0.000000000000000000e+00
0.000000000000000000e+00
0.000000000000000000e+00
0.000000000000000000e+00
0.000000000000000000e+00
0.000000000000000000e+00
0.000000000000000000e+00
0.000000000000000000e+00
0.000000000000000000e+00
0.000000000000000000e+00
0.000000000000000000e+00
0.000000000000000000e+00
0.000000000000000000e+00
0.000000000000000000e+00
0.000000000000000000e+00
0.000000000000000000e+00
0.000000000000000000e+00
0.000000000000000000e+00
0.000000000000000000e+00
0.000000000000000000e+00
0.000000000000000000e+00
0.000000000000000000e+00
0.000000000000000000e+00
0.000000000000000000e+00
0.000000000000000000e+00
0.000000000000000000e+00
0.000000000000000000e+00
0.000000000000000000e+00
0.000000000000000000e+00
