9.506407318532682574e-03
7.605125854826145539e-03
9.706542209449159700e-03
1.260849812773808323e-02
1.230829579136336754e-02
1.300876790957103922e-02
1.430964470052814227e-02
1.781200529156649892e-02
2.041375887348070850e-02
2.151450077352133269e-02
2.361591712814434599e-02
2.081402865531366275e-02
2.571733348276736275e-02
2.701821027372446407e-02
3.052057086476282072e-02
3.602428036496595209e-02
3.692488737409010263e-02
4.142792241971084838e-02
4.112772008333612922e-02
4.182819220154380263e-02
4.763210403812164623e-02
5.273554375649182335e-02
5.843938814761143880e-02
5.913986026581910527e-02
6.434336742964752442e-02
6.584437911152110634e-02
7.635146088463617975e-02
8.605800309408533078e-02
8.425678907583702970e-02
9.026083580333135736e-02
1.005677826855299467e-01
1.035698060492771105e-01
1.099741225586043925e-01
1.174791809679723020e-01
1.244839021500490223e-01
1.296874093138774275e-01
1.422959074416155212e-01
1.544040683420624116e-01
1.601079127331820062e-01
1.599077778422655360e-01
1.673127688061752105e-01
1.669124990243422424e-01
1.830233577431187031e-01
1.941308441889831871e-01
2.077400167713036594e-01
2.105419052441343530e-01
2.283539105357008381e-01
2.274533035265766945e-01
2.519698276638451806e-01
2.488677368546397817e-01
2.586743465095471817e-01
2.683808887189963466e-01
2.837912753195651061e-01
2.832909380922739029e-01
3.072070575567930062e-01
3.107094181478313732e-01
3.233179162755694391e-01
3.482347101946708934e-01
3.407296517853029560e-01
3.698492784136504508e-01
3.722508971046482040e-01
3.863604069142598241e-01
3.801562252958490262e-01
3.989689050419979455e-01
4.192825964700204189e-01
4.208836755973522359e-01
4.219844174973928497e-01
4.361939947524627326e-01
4.385956134434604858e-01
4.571080908532346720e-01
4.573082257441511422e-01
4.726185448992616389e-01
4.911310223090358251e-01
4.907307525272028847e-01
4.980356760456542964e-01
5.081424880369364017e-01
5.044399925549816199e-01
5.238530769738799497e-01
5.294568539195412260e-01
5.372621146652839519e-01
5.541735129477262101e-01
5.519720291476449825e-01
5.455677126383177145e-01
5.619787736934688249e-01
5.700842367755861728e-01
5.691836297664620847e-01
5.728861252484168665e-01
5.809915883305342144e-01
5.716853159029180453e-01
5.912985352127327898e-01
5.928996143400646623e-01
5.964019749311030294e-01
6.020057518767644167e-01
6.072092590405927526e-01
6.073093264860510709e-01
5.988035936221007827e-01
6.058083148041774058e-01
6.218191060774956869e-01
6.038069658950127039e-01
6.172160035864167060e-01
6.337271320870260238e-01
6.229198479775363007e-01
6.222193758593286272e-01
6.295242993777799834e-01
6.251213317776175282e-01
6.390307066963126781e-01
6.304249063869041825e-01
6.202180269501638143e-01
6.407318532691027579e-01
6.282234225868229549e-01
6.408319207145609653e-01
6.350280088779831633e-01
6.370293577871479762e-01
6.272227481322405485e-01
6.250212643321593209e-01
6.440340789692247103e-01
6.492375861330530462e-01
6.335269971961096092e-01
6.345276716506920156e-01
6.503383280330936600e-01
6.235202526502857667e-01
6.333268623051930835e-01
6.111118894134640600e-01
6.309252436141953302e-01
6.212187014047462208e-01
6.159151267954595665e-01
6.170158686955001803e-01
6.113120243043805857e-01
6.375296950144391239e-01
5.992038634039337230e-01
6.017055495403896836e-01
6.249211968867010025e-01
5.962018400401865037e-01
6.046075054586785846e-01
5.883965792944438888e-01
5.963019074856448221e-01
6.003046053039743368e-01
6.043073031223038516e-01
5.903979282036087017e-01
5.688834274300873517e-01
5.673824157482137975e-01
5.539733780568097954e-01
5.642803249390083709e-01
5.793905092032024529e-01
5.674824831936720049e-01
5.464683196474419136e-01
5.485697360020649338e-01
5.419652846018211401e-01
5.409646101472387336e-01
5.299571911468324847e-01
5.277557073467512572e-01
5.182493000282185625e-01
5.307577307104983655e-01
5.093432973824353338e-01
5.207509861646745231e-01
5.100437695006430072e-01
5.054406670095640264e-01
4.930323037727423752e-01
4.935326410000335784e-01
4.942331131182412518e-01
4.754204333720923326e-01
4.781222543994648189e-01
4.697165889809727379e-01
4.623115980170630634e-01
4.711175332173880848e-01
4.374948715434198721e-01
4.521047185803226953e-01
4.473014811983272443e-01
4.395962878980428923e-01
4.383954785525440156e-01
4.375949389888780794e-01
4.253867106429729539e-01
4.224847547246840529e-01
4.160804382153567849e-01
4.167809103335644583e-01
4.168809777790226656e-01
3.961670165691672518e-01
4.107768636060701306e-01
4.120777403970272146e-01
3.927647234235871476e-01
3.988688375965396826e-01
3.882616883779663741e-01
3.885618907143411072e-01
3.879614860415916966e-01
3.765537972593524518e-01
3.716504924318987380e-01
3.709500203136910645e-01
3.700494133045669209e-01
3.703496156409416540e-01
3.659466480407791433e-01
3.583415221859529987e-01
3.611434106587836923e-01
3.571407128404541220e-01
3.562401058313299784e-01
3.428310681399259763e-01
3.478344404128379530e-01
3.490352497583367741e-01
3.558398360494970381e-01
3.451326193854654667e-01
3.430312030308424465e-01
3.433314053672171795e-01
3.541386894767069582e-01
3.365268190760569711e-01
3.285214234393978305e-01
3.403293820034700157e-01
3.328243235941021338e-01
3.306228397940208508e-01
3.179142742208245220e-01
3.397289773307206051e-01
3.295220978939802370e-01
3.341252003850592178e-01
3.187148137844904583e-01
3.251191302938177263e-01
3.285214234393978305e-01
3.238182535028606424e-01
3.222171743755288253e-01
3.043051016385040497e-01
3.144119136297862105e-01
3.205160278027387455e-01
3.096086762477907040e-01
3.087080692386665604e-01
3.183145440026575179e-01
3.000022014837998019e-01
2.950988966563460880e-01
2.980008525746350445e-01
3.015032131656733561e-01
2.956993013290955541e-01
3.010028759383822083e-01
3.022036852838810295e-01
2.892949848197682305e-01
2.853923544468969231e-01
2.957993687745537614e-01
2.809893868467344125e-01
2.839914102104815763e-01
2.741848005555742041e-01
2.676804166007886732e-01
2.652787979097909754e-01
2.705823725190776297e-01
2.573734697185900977e-01
2.618765047642108157e-01
2.556723231458000178e-01
2.529705021184275870e-01
2.617764373187526084e-01
2.426635552362289838e-01
2.308555966721568264e-01
2.466662530545585541e-01
2.313559338994480019e-01
2.244512801628295307e-01
2.132437262715067838e-01
2.159455472988792424e-01
2.098414331259266796e-01
2.085405563349695679e-01
2.051382631893894637e-01
2.011355653710598934e-01
1.945311139708161552e-01
1.943309790798996850e-01
1.820226832885362966e-01
1.749178946610013552e-01
1.844243019795340222e-01
1.748178272155431201e-01
1.613087220786808829e-01
1.597076429513490659e-01
1.564054172512271690e-01
1.488002913964010243e-01
1.421958399961572861e-01
1.381931421778277158e-01
1.312884884412092446e-01
1.255846440500896499e-01
1.220822834590512829e-01
1.181796530861799754e-01
1.057712898493583659e-01
1.091735829949384839e-01
1.042702781674847839e-01
9.866650122182341054e-02
9.676521975811687437e-02
9.086124047608079568e-02
8.685854265775123928e-02
7.795254001196799676e-02
7.755227023013504251e-02
7.354957241180548611e-02
7.304923518451429676e-02
6.564424422060462228e-02
6.764559312976940741e-02
6.294242319323217760e-02
5.633797179298841856e-02
5.393635310199069305e-02
5.003372272911937868e-02
4.432987833799977018e-02
4.693163191991397976e-02
4.172812475608556060e-02
3.472340357400884731e-02
3.802562927413073030e-02
3.402293145580118083e-02
2.992016619201338934e-02
2.801888472830685317e-02
2.481672647364321221e-02
2.611760326460031700e-02
2.331571479176963030e-02
1.881267974614888802e-02
1.941308441889831940e-02
2.051382631893894706e-02
1.831234251885769174e-02
1.531031915511052964e-02
1.260849812773808323e-02
1.270856557319632180e-02
1.230829579136336754e-02
1.050708177311506994e-02
9.406339873074444011e-03
8.105463082117339221e-03
7.805260745742623532e-03
8.505732863950295208e-03
7.204856072993190419e-03
6.804586291160235299e-03
6.804586291160235299e-03
5.103439718370177125e-03
5.803911836577847934e-03
4.202832709246028323e-03
4.102765263787788892e-03
3.902630372871311766e-03
4.102765263787788892e-03
2.201483800081252724e-03
2.501686136455968847e-03
1.601079127331820262e-03
2.201483800081252724e-03
1.100741900040626362e-03
1.300876790957103922e-03
2.201483800081252724e-03
1.601079127331820262e-03
2.001348909164775165e-03
1.100741900040626362e-03
1.701146572790058825e-03
9.006070091241488024e-04
2.001348909164775327e-04
4.002697818329550654e-04
6.004046727494325711e-04
6.004046727494325711e-04
3.002023363747162855e-04
6.004046727494325711e-04
5.003372272911937911e-04
6.004046727494325711e-04
