1.000003000008999136e-04
2.000006000017998272e-04
1.000003000008999136e-04
2.000006000017998272e-04
2.000006000017998272e-04
4.000012000035996543e-04
3.000009000026997814e-04
4.000012000035996543e-04
1.000003000008999136e-04
2.000006000017998272e-04
5.000015000044996357e-04
4.000012000035996543e-04
9.000027000080992358e-04
4.000012000035996543e-04
1.000003000008999271e-03
7.000021000062993815e-04
9.000027000080992358e-04
1.300003900011698944e-03
1.500004500013498799e-03
1.500004500013498799e-03
1.100003300009899090e-03
1.000003000008999271e-03
2.500007500022498070e-03
2.100006300018898361e-03
1.600004800014398617e-03
2.600007800023397889e-03
2.400007200021598251e-03
2.300006900020697999e-03
3.400010200030597306e-03
3.100009300027897416e-03
4.700014100042296250e-03
3.700011100033296762e-03
4.600013800041395998e-03
4.500013500040496613e-03
5.900017700053094942e-03
6.000018000053995194e-03
8.500025500076493698e-03
7.900023700071093918e-03
1.160003480010439111e-02
1.090003270009809108e-02
1.130003390010169036e-02
1.390004170012508825e-02
1.540004620013858683e-02
1.620004860014578538e-02
1.750005250015748692e-02
2.110006330018988213e-02
2.130006390019168264e-02
2.490007470022408131e-02
2.500007500022497983e-02
2.690008070024207942e-02
2.850008550025647652e-02
2.960008880026637409e-02
3.380010140030417082e-02
3.450010350031047085e-02
4.010012030036086417e-02
4.410013230039686732e-02
4.910014730044186260e-02
5.080015240045716168e-02
5.880017640052915412e-02
5.600016800050395399e-02
5.960017880053634920e-02
6.870020610061824962e-02
7.230021690065063789e-02
7.790023370070103814e-02
9.030027090081262087e-02
9.650028950086841917e-02
9.470028410085222503e-02
1.016003048009143234e-01
1.177003531010592102e-01
1.317003951011851970e-01
1.328003984011950911e-01
1.443004329012985698e-01
1.533004599013795821e-01
1.690005070015208610e-01
1.747005241015721633e-01
1.790005370016108655e-01
1.905005715017143442e-01
2.114006342019024154e-01
2.214006642019924198e-01
2.301006903020706984e-01
2.443007329021985030e-01
2.616007848023542137e-01
2.785008355025062610e-01
2.957008871026610697e-01
3.063009189027564583e-01
3.138009414028239408e-01
3.372010116030345062e-01
3.641010923032765856e-01
3.676011028033080996e-01
3.943011829035483751e-01
4.141012423037265799e-01
4.238012714038138506e-01
4.535013605040811302e-01
4.760014280042836332e-01
4.919014757044267161e-01
5.205015615046840738e-01
5.357016071048208428e-01
5.473016419049252512e-01
5.743017229051682326e-01
5.987017961053877624e-01
6.186018558055669248e-01
6.494019482058440706e-01
6.754020262060780322e-01
6.859020577061725188e-01
7.163021489064461678e-01
7.407022221066656975e-01
7.714023142069419414e-01
8.031024093072272052e-01
8.083024249072739975e-01
8.351025053075151749e-01
8.514025542076618658e-01
8.554025662076979453e-01
8.877026631079886210e-01
9.094027282081839081e-01
9.631028893086671649e-01
9.474028422085257750e-01
1.002203006609019065e+00
1.004003012009035078e+00
1.025303075909226758e+00
1.060103180309539983e+00
1.053603160809481576e+00
1.101203303609909812e+00
1.114203342610026848e+00
1.132503397510191467e+00
1.139203417610251901e+00
1.168903506710519125e+00
1.144603433810300386e+00
1.189903569710708098e+00
1.186103558310673822e+00
1.201103603310808898e+00
1.195603586810759511e+00
1.186503559510677430e+00
1.226003678011033049e+00
1.235303705911116712e+00
1.230403691211072514e+00
1.234703704111111300e+00
1.258603775811326431e+00
1.242803728411184139e+00
1.228003684011051089e+00
1.234203702611106790e+00
1.229903689711068004e+00
1.230403691211072514e+00
1.231603694811083338e+00
1.223203669611007793e+00
1.202303606910819722e+00
1.215503646510938562e+00
1.185303555910666828e+00
1.200303600910801682e+00
1.182803548410644279e+00
1.184703554110661416e+00
1.127103381310142982e+00
1.122903368710105099e+00
1.131803395410185376e+00
1.125003375010124040e+00
1.067703203109608534e+00
1.059903179709538179e+00
1.064903194709583278e+00
1.032203096609288995e+00
1.013103039309117159e+00
9.988029964089883972e-01
9.768029304087904041e-01
9.254027762083278930e-01
9.248027744083224810e-01
9.067027201081595544e-01
8.842026526079570514e-01
8.764026292078869185e-01
8.634025902077698822e-01
8.361025083075241948e-01
8.044024132072389310e-01
7.829023487070454479e-01
7.647022941068817303e-01
7.181021543064622925e-01
7.163021489064461678e-01
6.860020580061734208e-01
6.438019314057936704e-01
6.410019230057685258e-01
6.224018672056010892e-01
5.867017601052798570e-01
5.537016611049828674e-01
5.453016359049072115e-01
5.274015822047461999e-01
5.022015066045193432e-01
4.803014409043223076e-01
4.561013683041045264e-01
4.356013068039200631e-01
4.205012615037841406e-01
3.937011811035429631e-01
3.869011607034817946e-01
3.672011016033044917e-01
3.406010218030651182e-01
3.346010038030111100e-01
3.220009660028977372e-01
3.015009045027132739e-01
2.883008649025944892e-01
2.654007962023883782e-01
2.481007443022326953e-01
2.400007200021598008e-01
2.282006846020536162e-01
2.118006354019060233e-01
2.051006153018457290e-01
1.944005832017494384e-01
1.750005250015748692e-01
1.724005172015514453e-01
1.605004815014443587e-01
1.554004662013984683e-01
1.405004215012643776e-01
1.324003972011914831e-01
1.236003708011123026e-01
1.195003585010754044e-01
1.122003366010097120e-01
1.008003024009071213e-01
9.610028830086482510e-02
8.320024960074873244e-02
8.070024210072623827e-02
7.870023610070824016e-02
7.100021300063893981e-02
6.800020400061194958e-02
6.790020370061104760e-02
5.400016200048595588e-02
5.450016350049045888e-02
4.380013140039416136e-02
4.240012720038156824e-02
4.550013650040946045e-02
3.800011400034197101e-02
3.450010350031047085e-02
3.230009690029067571e-02
2.550007650022947936e-02
2.810008430025287551e-02
2.350007050021148125e-02
2.200006600019798267e-02
2.060006180018538260e-02
1.960005880017638355e-02
1.750005250015748692e-02
1.840005520016558399e-02
1.500004500013498755e-02
1.550004650013948708e-02
1.160003480010439111e-02
1.380004140012418799e-02
9.500028500085492753e-03
8.600025800077392216e-03
8.600025800077392216e-03
7.600022800068394029e-03
7.600022800068394029e-03
6.700020100060294359e-03
5.600016800050395052e-03
4.800014400043196502e-03
3.800011400034197014e-03
3.600010800032396943e-03
2.900008700026097778e-03
2.800008400025197526e-03
3.000009000026997597e-03
3.200009600028797235e-03
2.500007500022498070e-03
1.700005100015298653e-03
1.400004200012598763e-03
1.500004500013498799e-03
1.600004800014398617e-03
8.000024000071993087e-04
7.000021000062993815e-04
1.000003000008999271e-03
1.300003900011698944e-03
7.000021000062993815e-04
7.000021000062993815e-04
5.000015000044996357e-04
5.000015000044996357e-04
5.000015000044996357e-04
5.000015000044996357e-04
4.000012000035996543e-04
2.000006000017998272e-04
2.000006000017998272e-04
2.000006000017998272e-04
1.000003000008999136e-04
2.000006000017998272e-04
1.000003000008999136e-04
0.000000000000000000e+00
2.000006000017998272e-04
0.000000000000000000e+00
0.000000000000000000e+00
0.000000000000000000e+00
1.000003000008999136e-04
2.000006000017998272e-04
0.000000000000000000e+00
0.000000000000000000e+00
1.000003000008999136e-04
0.000000000000000000e+00
1.000003000008999136e-04
0.000000000000000000e+00
0.000000000000000000e+00
0.000000000000000000e+00
1.000003000008999136e-04
0.000000000000000000e+00
0.000000000000000000e+00
0.000000000000000000e+00
0.000000000000000000e+00
0.000000000000000000e+00
0.000000000000000000e+00
0.000000000000000000e+00
0.000000000000000000e+00
0.000000000000000000e+00
1.000003000008999136e-04
0.000000000000000000e+00
0.000000000000000000e+00
0.000000000000000000e+00
0.000000000000000000e+00
0.000000000000000000e+00
0.000000000000000000e+00
0.000000000000000000e+00
0.000000000000000000e+00
0.000000000000000000e+00
0.000000000000000000e+00
0.000000000000000000e+00
0.000000000000000000e+00
0.000000000000000000e+00
0.000000000000000000e+00
0.000000000000000000e+00
0.000000000000000000e+00
0.000000000000000000e+00
0.000000000000000000e+00
0.000000000000000000e+00
0.000000000000000000e+00
0.000000000000000000e+00
0.000000000000000000e+00
0.000000000000000000e+00
0.000000000000000000e+00
0.000000000000000000e+00
0.000000000000000000e+00
0.000000000000000000e+00
0.000000000000000000e+00
0.000000000000000000e+00
0.000000000000000000e+00
0.000000000000000000e+00
0.000000000000000000e+00
0.000000000000000000e+00
0.000000000000000000e+00
0.000000000000000000e+00
0.000000000000000000e+00
0.000000000000000000e+00
0.000000000000000000e+00
0.000000000000000000e+00
0.000000000000000000e+00
