4.000044000484001419e-04
6.000066000726001587e-04
2.000022000242000710e-04
1.200013200145200317e-03
5.000055000605001503e-04
8.000088000968002839e-04
1.400015400169400334e-03
1.900020900229900484e-03
2.100023100254100501e-03
2.700029700326700768e-03
5.200057200629201737e-03
4.900053900592901170e-03
5.400059400653401537e-03
7.200079200871202338e-03
9.300102301125302839e-03
1.070011770129470317e-02
1.570017270189970338e-02
1.580017380191180501e-02
1.810019910219010444e-02
2.240024640271040535e-02
2.530027830306130765e-02
3.270035970395671066e-02
3.560039160430761296e-02
4.090044990494891286e-02
4.680051480566281563e-02
5.450059950659451313e-02
6.180067980747781797e-02
7.800085800943802605e-02
8.760096361059963033e-02
1.039011429125719366e-01
1.156012716139876301e-01
1.315014465159115298e-01
1.550017050187550427e-01
1.753019283212113588e-01
1.927021197233167449e-01
2.197024167265837769e-01
2.460027060297660662e-01
2.762030382334202949e-01
3.155034705381755678e-01
3.279036069396760178e-01
3.713040843449273987e-01
4.264046904515945147e-01
4.521049731547042150e-01
5.054055594611535085e-01
5.420059620655821586e-01
5.781063591699502346e-01
6.426070686777547447e-01
6.878075658832240036e-01
7.531082841911252990e-01
8.102089122980344893e-01
8.637095008045079236e-01
9.306102367126029007e-01
9.911109022199233731e-01
1.066511731629046889e+00
1.081311894430837528e+00
1.191413105544159690e+00
1.213813351946870123e+00
1.302114323257554496e+00
1.387115258267839435e+00
1.425715682872510159e+00
1.478916268078947382e+00
1.552817080987889176e+00
1.601717618893806261e+00
1.631517946697411903e+00
1.702518727706002988e+00
1.740119141310552564e+00
1.774219516414678788e+00
1.848620334823681155e+00
1.886920756128315446e+00
1.912321035531388880e+00
1.918421102632126951e+00
1.940721347934825314e+00
1.956121517336688598e+00
1.976021736239096604e+00
1.994821943041371393e+00
1.993921933141262537e+00
1.985521840740246180e+00
1.987621863840500103e+00
1.946221408435490741e+00
1.958921548137027457e+00
1.930521235733591023e+00
1.907420981630795875e+00
1.869120560326161584e+00
1.869320562526185947e+00
1.798919788117667506e+00
1.781619597815574219e+00
1.724718971908689280e+00
1.664418308601392837e+00
1.603117634293975469e+00
1.588517473692208970e+00
1.514416658583242814e+00
1.467416141577555733e+00
1.429015719172909371e+00
1.360214962364584501e+00
1.282714109855207063e+00
1.220613426747692909e+00
1.162912792040711185e+00
1.111412225534479825e+00
1.074411818530002671e+00
1.025711282824109949e+00
9.510104611150712595e-01
9.230101531116833291e-01
8.578094359037941041e-01
8.009088099969091656e-01
7.647084117925289082e-01
6.994076934846276128e-01
6.467071137782508528e-01
6.076066836735197763e-01
5.591061501676513057e-01
5.271057981637792267e-01
4.958054538599919736e-01
4.539049929549220375e-01
4.168045848504329243e-01
3.807041877460647927e-01
3.537038907427977885e-01
3.253035783393614100e-01
2.937032307355377792e-01
2.668029348322829009e-01
2.493027423301653611e-01
2.251024761272371610e-01
2.104023144254584532e-01
1.829020119221309582e-01
1.663018293201223574e-01
1.548017028187308464e-01
1.384015224167464420e-01
1.239013629149919304e-01
1.084011924131164373e-01
1.009011099122089361e-01
8.680095481050283113e-02
8.710095811053912562e-02
7.020077220849421651e-02
6.150067650744151654e-02
5.630061930681231480e-02
4.940054340597741650e-02
4.430048730536031293e-02
4.050044550490051326e-02
3.500038500423501009e-02
3.220035420389621289e-02
2.820031020341220995e-02
2.350025850284350598e-02
1.960021560237160468e-02
1.900020900229900528e-02
1.620017820196020461e-02
1.410015510170610498e-02
1.150012650139150411e-02
1.030011330124630357e-02
9.100100101101103039e-03
7.500082500907502038e-03
5.300058300641301637e-03
5.100056100617101837e-03
5.000055000605001070e-03
3.800041800459800969e-03
3.700040700447701069e-03
4.100045100496101103e-03
3.000033000363000902e-03
2.100023100254100501e-03
1.900020900229900484e-03
2.100023100254100501e-03
9.000099001089002923e-04
2.100023100254100501e-03
9.000099001089002923e-04
1.200013200145200317e-03
7.000077000847001671e-04
8.000088000968002839e-04
8.000088000968002839e-04
6.000066000726001587e-04
4.000044000484001419e-04
6.000066000726001587e-04
1.000011000121000355e-04
6.000066000726001587e-04
0.000000000000000000e+00
1.000011000121000355e-04
3.000033000363000794e-04
0.000000000000000000e+00
1.000011000121000355e-04
1.000011000121000355e-04
1.000011000121000355e-04
2.000022000242000710e-04
2.000022000242000710e-04
0.000000000000000000e+00
0.000000000000000000e+00
1.000011000121000355e-04
0.000000000000000000e+00
1.000011000121000355e-04
0.000000000000000000e+00
0.000000000000000000e+00
0.000000000000000000e+00
0.000000000000000000e+00
0.000000000000000000e+00
0.000000000000000000e+00
0.000000000000000000e+00
0.000000000000000000e+00
0.000000000000000000e+00
0.000000000000000000e+00
0.000000000000000000e+00
0.000000000000000000e+00
0.000000000000000000e+00
0.000000000000000000e+00
0.000000000000000000e+00
0.000000000000000000e+00
0.000000000000000000e+00
0.000000000000000000e+00
0.000000000000000000e+00
0.000000000000000000e+00
0.000000000000000000e+00
0.000000000000000000e+00
0.000000000000000000e+00
0.000000000000000000e+00
0.000000000000000000e+00
0.000000000000000000e+00
0.000000000000000000e+00
0.000000000000000000e+00
0.000000000000000000e+00
0.000000000000000000e+00
0.000000000000000000e+00
0.000000000000000000e+00
0.000000000000000000e+00
0.000000000000000000e+00
0.000000000000000000e+00
0.000000000000000000e+00
0.000000000000000000e+00
0.000000000000000000e+00
0.000000000000000000e+00
0.000000000000000000e+00
0.000000000000000000e+00
0.000000000000000000e+00
0.000000000000000000e+00
0.000000000000000000e+00
0.000000000000000000e+00
0.000000000000000000e+00
0.000000000000000000e+00
0.000000000000000000e+00
0.000000000000000000e+00
0.000000000000000000e+00
0.000000000000000000e+00
0.000000000000000000e+00
0.000000000000000000e+00
0.000000000000000000e+00
0.000000000000000000e+00
0.000000000000000000e+00
0.000000000000000000e+00
0.000000000000000000e+00
0.000000000000000000e+00
0.000000000000000000e+00
0.000000000000000000e+00
0.000000000000000000e+00
0.000000000000000000e+00
0.000000000000000000e+00
0.000000000000000000e+00
0.000000000000000000e+00
0.000000000000000000e+00
0.000000000000000000e+00
0.000000000000000000e+00
0.000000000000000000e+00
0.000000000000000000e+00
0.000000000000000000e+00
0.000000000000000000e+00
0.000000000000000000e+00
0.000000000000000000e+00
0.000000000000000000e+00
0.000000000000000000e+00
0.000000000000000000e+00
0.000000000000000000e+00
0.000000000000000000e+00
0.000000000000000000e+00
0.000000000000000000e+00
0.000000000000000000e+00
0.000000000000000000e+00
0.000000000000000000e+00
0.000000000000000000e+00
0.000000000000000000e+00
0.000000000000000000e+00
0.000000000000000000e+00
0.000000000000000000e+00
0.000000000000000000e+00
0.000000000000000000e+00
0.000000000000000000e+00
0.000000000000000000e+00
0.000000000000000000e+00
0.000000000000000000e+00
0.000000000000000000e+00
0.000000000000000000e+00
0.000000000000000000e+00
0.000000000000000000e+00
0.000000000000000000e+00
0.000000000000000000e+00
0.000000000000000000e+00
0.000000000000000000e+00
0.000000000000000000e+00
0.000000000000000000e+00
0.000000000000000000e+00
0.000000000000000000e+00
0.000000000000000000e+00
0.000000000000000000e+00
0.000000000000000000e+00
0.000000000000000000e+00
0.000000000000000000e+00
0.000000000000000000e+00
0.000000000000000000e+00
0.000000000000000000e+00
0.000000000000000000e+00
0.000000000000000000e+00
0.000000000000000000e+00
0.000000000000000000e+00
0.000000000000000000e+00
0.000000000000000000e+00
0.000000000000000000e+00
0.000000000000000000e+00
0.000000000000000000e+00
0.000000000000000000e+00
0.000000000000000000e+00
0.000000000000000000e+00
0.000000000000000000e+00
0.000000000000000000e+00
0.000000000000000000e+00
0.000000000000000000e+00
0.000000000000000000e+00
0.000000000000000000e+00
0.000000000000000000e+00
0.000000000000000000e+00
0.000000000000000000e+00
0.000000000000000000e+00
0.000000000000000000e+00
0.000000000000000000e+00
0.000000000000000000e+00
0.000000000000000000e+00
0.000000000000000000e+00
0.000000000000000000e+00
0.000000000000000000e+00
0.000000000000000000e+00
0.000000000000000000e+00
0.000000000000000000e+00
0.000000000000000000e+00
0.000000000000000000e+00
0.000000000000000000e+00
0.000000000000000000e+00
0.000000000000000000e+00
0.000000000000000000e+00
0.000000000000000000e+00
0.000000000000000000e+00
