1.000010000100000102e-04
3.000030000300000577e-04
6.000060000600001154e-04
4.000040000400000408e-04
2.000020000200000204e-04
9.000090000900000647e-04
4.000040000400000408e-04
6.000060000600001154e-04
7.000070000700000985e-04
9.000090000900000647e-04
1.100011000110000248e-03
7.000070000700000985e-04
1.700017000170000146e-03
1.500015000150000180e-03
2.100021000210000079e-03
1.600016000160000163e-03
1.400014000140000197e-03
2.400024000240000462e-03
2.100021000210000079e-03
2.700027000270000411e-03
2.700027000270000411e-03
2.500025000250000445e-03
3.300033000330000309e-03
2.900029000290000377e-03
3.700037000370000675e-03
4.500045000450000540e-03
4.300043000430000574e-03
6.300063000630001103e-03
7.100071000710000968e-03
7.400074000740001351e-03
7.100071000710000968e-03
8.200082000820001216e-03
9.500095000950000562e-03
1.070010700107000209e-02
1.120011200112000158e-02
1.280012800128000131e-02
1.460014600146000187e-02
1.770017700177000178e-02
1.590015900159000295e-02
2.010020100201000137e-02
1.830018300183000254e-02
2.250022500225000444e-02
2.450024500245000236e-02
2.620026200262000338e-02
2.800028000280000220e-02
3.010030100301000489e-02
3.390033900339000511e-02
3.690036900369000200e-02
4.420044200442000554e-02
4.100041000410000608e-02
4.870048700487000781e-02
4.830048300483000268e-02
5.610056100561000569e-02
6.150061500615000565e-02
6.680066800668001126e-02
7.360073600736001531e-02
7.410074100741001479e-02
8.300083000830001112e-02
9.150091500915001619e-02
9.150091500915001619e-02
1.001010010100100156e-01
1.062010620106200176e-01
1.187011870118700185e-01
1.255012550125500226e-01
1.376013760137600184e-01
1.409014090140900122e-01
1.491014910149100203e-01
1.611016110161100079e-01
1.827018270182700355e-01
1.915019150191500374e-01
2.021020210202100209e-01
2.042020420204200271e-01
2.246022460224600392e-01
2.398023980239800401e-01
2.466024660246600442e-01
2.555025550255500266e-01
2.761027610276100552e-01
2.982029820298200407e-01
3.055030550305500303e-01
3.228032280322800651e-01
3.474034740347400341e-01
3.627036270362700709e-01
3.791037910379100317e-01
3.944039440394400686e-01
4.257042570425700334e-01
4.267042670426700601e-01
4.608046080460800331e-01
4.697046970469700433e-01
4.992049920499200821e-01
5.212052120521201148e-01
5.432054320543200365e-01
5.588055880558800981e-01
5.803058030580300342e-01
6.283062830628300954e-01
6.313063130631301201e-01
6.523065230652300706e-01
6.757067570675701074e-01
7.002070020700200681e-01
7.316073160731600966e-01
7.525075250752500944e-01
7.541075410754101149e-01
7.907079070790701270e-01
8.230082300823000629e-01
8.348083480834801451e-01
8.517085170851701470e-01
8.880088800888000788e-01
9.006090060900601157e-01
9.270092700927000662e-01
9.660096600966001645e-01
9.627096270962701707e-01
9.861098610986100965e-01
1.016910169101690187e+00
1.050610506105060127e+00
1.047810478104780119e+00
1.057910579105790116e+00
1.094410944109440065e+00
1.097610976109760106e+00
1.129711297112970136e+00
1.142911429114290112e+00
1.165511655116550083e+00
1.174611746117460109e+00
1.181211812118120097e+00
1.193711937119370070e+00
1.195911959119590140e+00
1.211312113121130185e+00
1.223312233122330062e+00
1.215412154121540134e+00
1.236212362123620068e+00
1.247012470124700068e+00
1.243512435124350057e+00
1.231812318123180150e+00
1.242312423124230181e+00
1.253312533125330086e+00
1.259912599125990074e+00
1.250712507125070205e+00
1.235412354123540224e+00
1.227112271122710263e+00
1.212012120121200187e+00
1.199911999119990247e+00
1.212612126121260125e+00
1.195711957119570235e+00
1.182811828118280228e+00
1.160611606116060068e+00
1.167211672116720056e+00
1.157311573115730186e+00
1.133811338113380085e+00
1.102911029110290153e+00
1.097610976109760106e+00
1.090310903109030116e+00
1.082610826108260094e+00
1.068310683106830083e+00
1.046010460104600082e+00
1.001610016100160205e+00
9.892098920989200739e-01
9.574095740957401235e-01
9.511095110951101050e-01
9.168091680916801156e-01
9.060090600906001157e-01
8.935089350893501425e-01
8.705087050870501386e-01
8.461084610846101306e-01
8.150081500815000712e-01
7.992079920799201043e-01
7.800078000780000798e-01
7.433074330743301150e-01
7.177071770717701193e-01
6.897068970689700373e-01
6.757067570675701074e-01
6.499064990649900952e-01
6.338063380633800481e-01
6.081060810608100997e-01
5.780057800578001226e-01
5.486054860548600365e-01
5.405054050540500921e-01
5.201052010520100799e-01
5.042050420504200492e-01
4.792047920479200473e-01
4.518045180451800702e-01
4.426044260442600353e-01
4.193041930419300622e-01
4.030040300403000542e-01
3.857038570385700749e-01
3.456034560345600526e-01
3.404034040340400691e-01
3.208032080320800672e-01
3.129031290312900282e-01
2.926029260292600243e-01
2.753027530275300450e-01
2.516025160251600390e-01
2.516025160251600390e-01
2.372023720237200206e-01
2.168021680216800362e-01
2.179021790217900156e-01
2.013020130201300384e-01
1.858018580185800128e-01
1.817018170181700365e-01
1.622016220162200151e-01
1.650016500165000233e-01
1.438014380143800286e-01
1.346013460134600215e-01
1.230012300123000113e-01
1.180011800118000165e-01
1.109011090110900155e-01
1.026010260102600130e-01
9.290092900929000641e-02
8.860088600886001364e-02
8.810088100881001416e-02
7.630076300763001529e-02
7.320073200732001018e-02
6.650066500665001434e-02
5.520055200552000801e-02
5.670056700567000646e-02
4.930049300493000858e-02
5.230052300523000547e-02
4.530045300453000578e-02
4.400044000440000297e-02
3.740037400374000148e-02
3.480034800348000279e-02
3.380033800338000383e-02
3.010030100301000489e-02
3.070030700307000218e-02
2.590025900259000299e-02
2.470024700247000146e-02
2.350023500235000340e-02
2.000020000200000356e-02
1.990019900199000227e-02
1.460014600146000187e-02
1.660016600166000153e-02
1.470014700147000142e-02
1.070010700107000209e-02
1.160011600116000151e-02
1.150011500115000196e-02
9.300093000930001463e-03
6.800068000680000585e-03
7.200072000720000517e-03
6.100061000610001137e-03
7.100071000710000968e-03
7.400074000740001351e-03
4.700047000470000506e-03
4.700047000470000506e-03
4.400044000440000991e-03
4.100041000410000608e-03
4.000040000400000191e-03
2.400024000240000462e-03
3.400034000340000293e-03
3.000030000300000360e-03
1.500015000150000180e-03
3.100031000310000343e-03
2.000020000200000096e-03
1.600016000160000163e-03
1.300013000130000214e-03
1.600016000160000163e-03
1.000010000100000048e-03
1.000010000100000048e-03
1.100011000110000248e-03
6.000060000600001154e-04
8.000080000800000816e-04
1.000010000100000048e-03
6.000060000600001154e-04
3.000030000300000577e-04
2.000020000200000204e-04
4.000040000400000408e-04
2.000020000200000204e-04
1.000010000100000102e-04
2.000020000200000204e-04
3.000030000300000577e-04
1.000010000100000102e-04
0.000000000000000000e+00
1.000010000100000102e-04
2.000020000200000204e-04
1.000010000100000102e-04
2.000020000200000204e-04
2.000020000200000204e-04
0.000000000000000000e+00
1.000010000100000102e-04
1.000010000100000102e-04
1.000010000100000102e-04
0.000000000000000000e+00
0.000000000000000000e+00
0.000000000000000000e+00
0.000000000000000000e+00
0.000000000000000000e+00
0.000000000000000000e+00
0.000000000000000000e+00
1.000010000100000102e-04
0.000000000000000000e+00
0.000000000000000000e+00
0.000000000000000000e+00
0.000000000000000000e+00
1.000010000100000102e-04
0.000000000000000000e+00
1.000010000100000102e-04
0.000000000000000000e+00
0.000000000000000000e+00
0.000000000000000000e+00
0.000000000000000000e+00
1.000010000100000102e-04
0.000000000000000000e+00
1.000010000100000102e-04
0.000000000000000000e+00
0.000000000000000000e+00
0.000000000000000000e+00
0.000000000000000000e+00
0.000000000000000000e+00
0.000000000000000000e+00
0.000000000000000000e+00
0.000000000000000000e+00
0.000000000000000000e+00
0.000000000000000000e+00
0.000000000000000000e+00
0.000000000000000000e+00
0.000000000000000000e+00
0.000000000000000000e+00
0.000000000000000000e+00
0.000000000000000000e+00
0.000000000000000000e+00
0.000000000000000000e+00
0.000000000000000000e+00
0.000000000000000000e+00
0.000000000000000000e+00
0.000000000000000000e+00
0.000000000000000000e+00
0.000000000000000000e+00
0.000000000000000000e+00
0.000000000000000000e+00
0.000000000000000000e+00
0.000000000000000000e+00
0.000000000000000000e+00
0.000000000000000000e+00
0.000000000000000000e+00
0.000000000000000000e+00
0.000000000000000000e+00
0.000000000000000000e+00
0.000000000000000000e+00
0.000000000000000000e+00
0.000000000000000000e+00
0.000000000000000000e+00
0.000000000000000000e+00
0.000000000000000000e+00
0.000000000000000000e+00
