3.153767533427775938e-02
3.484792751631073104e-02
3.686417202718535874e-02
4.062582223404100773e-02
4.393607441607397940e-02
4.875098668084921344e-02
5.215151846784672057e-02
5.575267159920985899e-02
6.019643437690866405e-02
6.615488830456801861e-02
7.056855788061197621e-02
7.499225852387421398e-02
8.090055711544215378e-02
8.930659144436224606e-02
9.582678513624537375e-02
1.013539031735186113e-01
1.107028578209571790e-01
1.196104455107913633e-01
1.261607324043293177e-01
1.371046267394746832e-01
1.462629911097659274e-01
1.527932158688673214e-01
1.645095023798203715e-01
1.746208181358483713e-01
1.850932523117344852e-01
1.990865910812375239e-01
2.120166367256026696e-01
2.255485464030647091e-01
2.391907978199278584e-01
2.528932356401006887e-01
2.657430327467196207e-01
2.824949150012501242e-01
2.987051196259933872e-01
3.142833670159849158e-01
3.349373344184269907e-01
3.515688438663380766e-01
3.656023069047142360e-01
3.894461536825699066e-01
4.047836554593226555e-01
4.236922171657837577e-01
4.427010895444276062e-01
4.645587850130635243e-01
4.869882513131414403e-01
5.083243312864267338e-01
5.328904149039986882e-01
5.490905884615236987e-01
5.738974176923343773e-01
6.004095283502529634e-01
6.198497366192829983e-01
6.444860377073828861e-01
6.665945098564758364e-01
6.887731994760967202e-01
7.143624519499334191e-01
7.382062987277890898e-01
7.602746466080089194e-01
7.874789009039889764e-01
8.084739245918526329e-01
8.348355692414970441e-01
8.580374277173826725e-01
8.781296553556009465e-01
9.104798471345595390e-01
9.279238730271515134e-01
9.508047373520521761e-01
9.685697573956291162e-01
9.883911462189537422e-01
1.015204188893420900e+00
1.030150479048660639e+00
1.053813766616587211e+00
1.072040215752205095e+00
1.091510517222890053e+00
1.113618989371983004e+00
1.132537582145662247e+00
1.141655822247080287e+00
1.161366869331003970e+00
1.172240546195621347e+00
1.183354968673477448e+00
1.197579021989001014e+00
1.206857759165911537e+00
1.219787804810276821e+00
1.228665299298456137e+00
1.238204844223042000e+00
1.245858548510590857e+00
1.252990637302789256e+00
1.247744389147627864e+00
1.250322373422726230e+00
1.252408835404128951e+00
1.257033157391756806e+00
1.257875767038092452e+00
1.255568621577887622e+00
1.251465915085610447e+00
1.245748206771189803e+00
1.241474972136201949e+00
1.234473287217841220e+00
1.225465388855824234e+00
1.218895039827849747e+00
1.205443378688133782e+00
1.198341383097590418e+00
1.177657322493493419e+00
1.168549113459293576e+00
1.158839040391997033e+00
1.140101006828246666e+00
1.120861419903582235e+00
1.098000617713118299e+00
1.088972657216664697e+00
1.070796363417138242e+00
1.042268008248344868e+00
1.027602587975217086e+00
1.013488876399094574e+00
9.906782295447220665e-01
9.650287906675756311e-01
9.363900937593813145e-01
9.224067860570965838e-01
8.961454520796350298e-01
8.754914846771928438e-01
8.461305509292822435e-01
8.306225210098187040e-01
8.031775211005999227e-01
7.805474334561562921e-01
7.543964412180957924e-01
7.322077205312566006e-01
7.092566387358280044e-01
6.813602408017865875e-01
6.585295318129773534e-01
6.331810249523793788e-01
6.166899504455242154e-01
5.910505426355960878e-01
5.679790880335481296e-01
5.492410544697978736e-01
5.258185125151100259e-01
5.045927742812259531e-01
4.840090243493118116e-01
4.600347736976184709e-01
4.455699747688561807e-01
4.241737083922612617e-01
4.051146806775259845e-01
3.827454007807576941e-01
3.681000426420664162e-01
3.462824714423036188e-01
3.309048453966777492e-01
3.156977474937626149e-01
2.979728517190587955e-01
2.802680180787915365e-01
2.684514208956556569e-01
2.523314958758769433e-01
2.404647433566496628e-01
2.251673658487700069e-01
2.148855219500312441e-01
2.007417171722540028e-01
1.905802460801346021e-01
1.791247673168568644e-01
1.655527333705216764e-01
1.550100817241075735e-01
1.455206921356130556e-01
1.377365839742264453e-01
1.294107981830526222e-01
1.217771560299402145e-01
1.126789780629586790e-01
1.065800891942433881e-01
9.986930522521290932e-02
9.314849018896415034e-02
8.468226945673437700e-02
8.023850667903556499e-02
7.456092263348811089e-02
6.891343178959549731e-02
6.495116023837420316e-02
5.910304805011595830e-02
5.398720376879227734e-02
5.097788360330775259e-02
4.644384122064441206e-02
4.173927069527028078e-02
3.946221843672032686e-02
3.606168664972281973e-02
3.326301889582222032e-02
3.038410260417536216e-02
2.749515524531022381e-02
2.557922140661841176e-02
2.395418851725677339e-02
2.203825467856496134e-02
1.987154415941611019e-02
1.808601419456196124e-02
1.688228612836815273e-02
1.533750177675276619e-02
1.431433292048803034e-02
1.255889615728872713e-02
1.161597583877024484e-02
1.089373899905395938e-02
9.118240101418094087e-03
8.737059547123386671e-03
7.804170295823186290e-03
6.991653851142366240e-03
6.008609263750756303e-03
6.008609263750756303e-03
5.236217087943063897e-03
4.624321987627877731e-03
3.932178349566438878e-03
3.992364752876128610e-03
3.500842459180324075e-03
2.758543485027476101e-03
2.969195896611392330e-03
2.327207594641361732e-03
2.116555183057445069e-03
2.176741586367135668e-03
1.715312494326176000e-03
1.715312494326176000e-03
1.243852335066934637e-03
1.183665931757244254e-03
1.083355259574426879e-03
8.727028479905105411e-04
9.930756546098914138e-04
7.723921758076932736e-04
6.219261675334673183e-04
5.416776297872134393e-04
7.824232430259749679e-04
5.115844281323682482e-04
3.912116215129874839e-04
5.015533609140865540e-04
3.009320165484519107e-04
2.507766804570432770e-04
2.507766804570432770e-04
3.009320165484519107e-04
2.006213443656346162e-04
1.404349410559442340e-04
1.705281427107894251e-04
1.404349410559442340e-04
5.015533609140865404e-05
1.103417394010990430e-04
1.604970754925077038e-04
4.012426887312692595e-05
6.018640330969038214e-05
5.015533609140865404e-05
2.006213443656346297e-05
4.012426887312692595e-05
2.006213443656346297e-05
3.009320165484519107e-05
3.009320165484519107e-05
3.009320165484519107e-05
5.015533609140865404e-05
2.006213443656346297e-05
1.003106721828173149e-05
1.003106721828173149e-05
1.003106721828173149e-05
1.003106721828173149e-05
0.000000000000000000e+00
3.009320165484519107e-05
0.000000000000000000e+00
0.000000000000000000e+00
0.000000000000000000e+00
0.000000000000000000e+00
0.000000000000000000e+00
1.003106721828173149e-05
0.000000000000000000e+00
1.003106721828173149e-05
0.000000000000000000e+00
0.000000000000000000e+00
0.000000000000000000e+00
0.000000000000000000e+00
0.000000000000000000e+00
0.000000000000000000e+00
0.000000000000000000e+00
0.000000000000000000e+00
0.000000000000000000e+00
0.000000000000000000e+00
0.000000000000000000e+00
0.000000000000000000e+00
0.000000000000000000e+00
0.000000000000000000e+00
0.000000000000000000e+00
0.000000000000000000e+00
0.000000000000000000e+00
0.000000000000000000e+00
0.000000000000000000e+00
0.000000000000000000e+00
0.000000000000000000e+00
0.000000000000000000e+00
0.000000000000000000e+00
0.000000000000000000e+00
0.000000000000000000e+00
0.000000000000000000e+00
0.000000000000000000e+00
0.000000000000000000e+00
0.000000000000000000e+00
0.000000000000000000e+00
0.000000000000000000e+00
0.000000000000000000e+00
0.000000000000000000e+00
0.000000000000000000e+00
0.000000000000000000e+00
0.000000000000000000e+00
0.000000000000000000e+00
0.000000000000000000e+00
0.000000000000000000e+00
0.000000000000000000e+00
0.000000000000000000e+00
0.000000000000000000e+00
0.000000000000000000e+00
0.000000000000000000e+00
0.000000000000000000e+00
0.000000000000000000e+00
0.000000000000000000e+00
0.000000000000000000e+00
0.000000000000000000e+00
0.000000000000000000e+00
0.000000000000000000e+00
0.000000000000000000e+00
0.000000000000000000e+00
0.000000000000000000e+00
0.000000000000000000e+00
0.000000000000000000e+00
0.000000000000000000e+00
0.000000000000000000e+00
0.000000000000000000e+00
0.000000000000000000e+00
0.000000000000000000e+00
0.000000000000000000e+00
0.000000000000000000e+00
0.000000000000000000e+00
0.000000000000000000e+00
0.000000000000000000e+00
0.000000000000000000e+00
0.000000000000000000e+00
0.000000000000000000e+00
0.000000000000000000e+00
0.000000000000000000e+00
0.000000000000000000e+00
0.000000000000000000e+00
0.000000000000000000e+00
0.000000000000000000e+00
0.000000000000000000e+00
0.000000000000000000e+00
0.000000000000000000e+00
0.000000000000000000e+00
0.000000000000000000e+00
0.000000000000000000e+00
0.000000000000000000e+00
0.000000000000000000e+00
0.000000000000000000e+00
0.000000000000000000e+00
0.000000000000000000e+00
0.000000000000000000e+00
0.000000000000000000e+00
