0.000000000000000000e+00
0.000000000000000000e+00
0.000000000000000000e+00
0.000000000000000000e+00
0.000000000000000000e+00
4.000032000255999368e-04
3.000024000191999526e-04
3.000024000191999526e-04
2.000016000127999684e-04
4.000032000255999368e-04
3.000024000191999526e-04
4.000032000255999368e-04
3.000024000191999526e-04
6.000048000383999052e-04
5.000040000319998668e-04
4.000032000255999368e-04
6.000048000383999052e-04
7.000056000447998352e-04
1.100008800070399664e-03
1.100008800070399664e-03
1.100008800070399664e-03
1.600012800102399747e-03
1.600012800102399747e-03
1.200009600076799810e-03
1.600012800102399747e-03
2.300018400147199691e-03
2.100016800134399397e-03
1.600012800102399747e-03
2.100016800134399397e-03
2.400019200153599621e-03
4.300034400275198725e-03
3.800030400243199075e-03
3.900031200249599005e-03
4.400035200281598655e-03
3.900031200249599005e-03
5.100040800326399032e-03
6.000048000383998402e-03
7.000056000447998569e-03
7.700061600492798079e-03
1.030008240065919713e-02
9.700077600620797547e-03
9.900079200633597407e-03
1.050008400067199699e-02
1.200009600076799680e-02
1.410011280090239620e-02
1.490011920095359738e-02
1.560012480099839602e-02
1.640013120104959546e-02
1.920015360122879697e-02
2.200017600140799501e-02
2.480019840158719305e-02
2.540020320162559436e-02
2.470019760158079572e-02
3.200025600204799148e-02
3.570028560228478975e-02
3.620028960231679027e-02
3.730029840238718863e-02
4.310034480275839325e-02
4.450035600284799053e-02
4.910039280314239252e-02
4.910039280314239252e-02
5.360042880343039023e-02
6.210049680397438515e-02
6.980055840446718063e-02
7.090056720453757899e-02
7.790062320498558623e-02
8.640069120552958115e-02
8.870070960567677520e-02
9.440075520604157555e-02
9.670077360618878348e-02
1.065008520068159714e-01
1.201009608076863688e-01
1.270010160081279649e-01
1.371010968087743587e-01
1.453011624092991616e-01
1.569012552100415570e-01
1.603012824102591771e-01
1.720013760110079559e-01
1.874014992119935608e-01
2.049016392131135511e-01
2.137017096136767658e-01
2.177017416139327421e-01
2.452019616156927428e-01
2.435019480155839466e-01
2.629021032168255556e-01
2.758022064176511301e-01
2.890023120184959105e-01
3.048024384195071046e-01
3.333026664213311063e-01
3.361026888215103425e-01
3.654029232233855229e-01
3.781030248241983305e-01
3.857030856246846939e-01
4.201033608268863184e-01
4.361034888279102795e-01
4.637037096296767191e-01
4.803038424307390919e-01
5.027040216321726485e-01
5.201041608332862554e-01
5.417043336346686333e-01
5.586044688357503230e-01
5.814046512372095243e-01
6.103048824390591154e-01
6.321050568404542602e-01
6.522052176417406644e-01
6.873054984439870285e-01
6.974055792446334223e-01
7.346058768470142830e-01
7.444059552476414154e-01
7.700061600492797975e-01
7.918063344506750534e-01
8.306066448531581603e-01
8.322066576532606286e-01
8.791070328562622382e-01
9.065072520580157445e-01
9.030072240577917686e-01
9.218073744589949658e-01
9.506076048608381734e-01
9.611076888615102121e-01
9.924079392635133390e-01
1.005608044864358286e+00
1.047808382467058985e+00
1.049708397667180604e+00
1.074108592868742162e+00
1.093708749669996649e+00
1.108508868070943842e+00
1.125809006472050955e+00
1.142009136073087738e+00
1.139409115272921325e+00
1.156909255274041426e+00
1.180209441675532434e+00
1.198609588876710097e+00
1.202809622476978868e+00
1.205509644077151776e+00
1.226309810478482865e+00
1.214009712077695813e+00
1.236009888079103725e+00
1.242909943279545404e+00
1.235909887279097230e+00
1.233809870478962845e+00
1.233709869678956572e+00
1.245009960079679789e+00
1.237109896879174054e+00
1.243009944079551676e+00
1.244309954479634994e+00
1.241209929679436552e+00
1.229309834478675034e+00
1.216509732077855732e+00
1.232409859278873254e+00
1.209309674477395014e+00
1.173009384075071715e+00
1.181109448875590218e+00
1.165009320074559707e+00
1.162409299274393293e+00
1.117208937671500646e+00
1.113908911271289437e+00
1.101708813670508658e+00
1.091908735269881303e+00
1.075808606468851014e+00
1.041708333666668596e+00
1.022708181665452631e+00
1.011908095264761442e+00
9.903079224633789535e-01
9.690077520620158369e-01
9.411075288602301914e-01
9.197073576588605803e-01
9.068072544580350058e-01
8.746069968559742058e-01
8.630069040552318382e-01
8.328066624532990403e-01
8.047064376515006279e-01
7.949063592508733844e-01
7.623060984487870506e-01
7.327058616468926644e-01
7.204057632461053906e-01
6.908055264442110044e-01
6.686053488427902147e-01
6.463051704413630416e-01
6.393051144409150899e-01
6.029048232385855188e-01
5.920047360378878354e-01
5.617044936359486540e-01
5.228041824334590526e-01
5.175041400331198416e-01
5.005040040320318795e-01
4.654037232297855153e-01
4.540036320290559146e-01
4.343034744277950998e-01
4.095032760262078964e-01
3.952031616252927315e-01
3.821030568244543346e-01
3.576028608228863370e-01
3.327026616212927501e-01
3.325026600212799277e-01
3.135025080200639080e-01
2.900023200185599115e-01
2.878023024184191425e-01
2.544020352162815191e-01
2.546020368162943415e-01
2.431019448155583573e-01
2.210017680141439511e-01
2.060016480131839633e-01
1.982015856126847497e-01
1.899015192121535633e-01
1.807014456115647594e-01
1.712013696109567495e-01
1.463011704093631626e-01
1.516012128097023737e-01
1.398011184089471559e-01
1.257010056080447857e-01
1.209009672077375752e-01
1.122008976071807718e-01
9.930079440635518340e-02
1.018008144065151721e-01
9.680077440619518081e-02
8.510068080544637426e-02
7.870062960503677874e-02
7.250058000463997787e-02
6.690053520428158873e-02
6.460051680413438080e-02
5.870046960375678580e-02
5.120040960327679191e-02
4.990039920319359196e-02
4.860038880311039200e-02
4.030032240257919174e-02
4.030032240257919174e-02
3.820030560244479234e-02
3.390027120216958928e-02
3.120024960199679204e-02
2.770022160177279535e-02
2.600020800166399568e-02
2.370018960151679469e-02
2.100016800134399397e-02
1.970015760126079402e-02
1.770014160113279542e-02
1.360010880087039742e-02
1.590012720101759494e-02
1.310010480083839690e-02
1.290010320082559704e-02
1.160009280074239708e-02
1.060008480067839778e-02
9.600076800614398484e-03
7.000056000447998569e-03
8.100064800518398667e-03
5.200041600332798962e-03
6.800054400435198709e-03
6.800054400435198709e-03
5.100040800326399032e-03
5.300042400339198892e-03
5.100040800326399032e-03
3.300026400211199425e-03
4.300034400275198725e-03
2.400019200153599621e-03
2.700021600172799411e-03
2.100016800134399397e-03
2.600020800166399481e-03
1.700013600108799677e-03
2.200017600140799327e-03
1.100008800070399664e-03
9.000072000575998037e-04
1.200009600076799810e-03
1.300010400083199740e-03
1.500012000095999600e-03
5.000040000319998668e-04
1.300010400083199740e-03
7.000056000447998352e-04
4.000032000255999368e-04
9.000072000575998037e-04
4.000032000255999368e-04
3.000024000191999526e-04
2.000016000127999684e-04
4.000032000255999368e-04
7.000056000447998352e-04
3.000024000191999526e-04
0.000000000000000000e+00
2.000016000127999684e-04
1.000008000063999842e-04
3.000024000191999526e-04
2.000016000127999684e-04
2.000016000127999684e-04
1.000008000063999842e-04
0.000000000000000000e+00
1.000008000063999842e-04
1.000008000063999842e-04
0.000000000000000000e+00
1.000008000063999842e-04
1.000008000063999842e-04
1.000008000063999842e-04
0.000000000000000000e+00
0.000000000000000000e+00
0.000000000000000000e+00
0.000000000000000000e+00
1.000008000063999842e-04
0.000000000000000000e+00
0.000000000000000000e+00
0.000000000000000000e+00
0.000000000000000000e+00
0.000000000000000000e+00
0.000000000000000000e+00
0.000000000000000000e+00
0.000000000000000000e+00
0.000000000000000000e+00
0.000000000000000000e+00
0.000000000000000000e+00
0.000000000000000000e+00
0.000000000000000000e+00
0.000000000000000000e+00
0.000000000000000000e+00
0.000000000000000000e+00
0.000000000000000000e+00
0.000000000000000000e+00
0.000000000000000000e+00
0.000000000000000000e+00
0.000000000000000000e+00
0.000000000000000000e+00
0.000000000000000000e+00
0.000000000000000000e+00
0.000000000000000000e+00
0.000000000000000000e+00
0.000000000000000000e+00
0.000000000000000000e+00
0.000000000000000000e+00
0.000000000000000000e+00
0.000000000000000000e+00
0.000000000000000000e+00
0.000000000000000000e+00
0.000000000000000000e+00
0.000000000000000000e+00
0.000000000000000000e+00
0.000000000000000000e+00
0.000000000000000000e+00
0.000000000000000000e+00
0.000000000000000000e+00
0.000000000000000000e+00
0.000000000000000000e+00
0.000000000000000000e+00
0.000000000000000000e+00
0.000000000000000000e+00
0.000000000000000000e+00
0.000000000000000000e+00
