9.000279008649261347e-04
6.000186005766174231e-04
1.200037201153234846e-03
2.500077502402572524e-03
1.900058901825955101e-03
1.500046501441543558e-03
2.500077502402572524e-03
3.400105403267498442e-03
2.400074402306469692e-03
4.200130204036321528e-03
4.600142604420733722e-03
5.000155004805145048e-03
3.700114703555807370e-03
6.400198406150585557e-03
6.500201506246688389e-03
7.800241807496026067e-03
8.100251107784334562e-03
1.160035961114793714e-02
1.210037511162845129e-02
1.350041851297389094e-02
1.610049911547256629e-02
1.700052701633749178e-02
2.170067272085432833e-02
2.260070062171925728e-02
2.560079362460234223e-02
2.780086182671660799e-02
3.360104163229057223e-02
3.480107883344380620e-02
4.280132684113203967e-02
4.560141364382292589e-02
5.200161204997350711e-02
5.050156554853196811e-02
6.020186625785394624e-02
6.490201196237078973e-02
7.540233747246158358e-02
7.810242117505636350e-02
9.300288308937569581e-02
1.013031403973522343e-01
1.124034845080196660e-01
1.194037015147468711e-01
1.328041169276246436e-01
1.395043246340635368e-01
1.513046904454036778e-01
1.699052670632788253e-01
1.813056204742345690e-01
2.033063024953772058e-01
2.146066528062368362e-01
2.269070341180574879e-01
2.510077812412183085e-01
2.659082431555376269e-01
2.922090584808126890e-01
3.133097126010903621e-01
3.329103202199265588e-01
3.616112099475081165e-01
3.773116966625962299e-01
4.059125832900816744e-01
4.343134637173748924e-01
4.604142728424577835e-01
4.913152307721535550e-01
5.098158042899325615e-01
5.413167808202049569e-01
5.708176953485553096e-01
5.967184982734460297e-01
6.409198685159235298e-01
6.683207179422556710e-01
6.954215580682995279e-01
7.202223268921330579e-01
7.465231422174081199e-01
7.903245000595012781e-01
8.199254176879476885e-01
8.575265833240823810e-01
8.857274575511834280e-01
9.203285301844350563e-01
9.580296989206658065e-01
9.932307901544940032e-01
1.018731580679000270e+00
1.035432098395049350e+00
1.091033822048482760e+00
1.105234262262129175e+00
1.125134879181253655e+00
1.165636134720175354e+00
1.184336714438146698e+00
1.213537619666208656e+00
1.254138878305226523e+00
1.280639699830693701e+00
1.275139529325408194e+00
1.286039867235883261e+00
1.319640908868173979e+00
1.347141761394602177e+00
1.348541804795947652e+00
1.371742524018243481e+00
1.372042533318531765e+00
1.395243252540827594e+00
1.395043246340635479e+00
1.417243934561970287e+00
1.411443754756396274e+00
1.422044083366583278e+00
1.411343751656300327e+00
1.402943491248227703e+00
1.420044021364661235e+00
1.416143900460913096e+00
1.403843519149092556e+00
1.410443723755435252e+00
1.382842868128910885e+00
1.375642644921991620e+00
1.360642179907576077e+00
1.353141947400368306e+00
1.328641187876823171e+00
1.319940918168462263e+00
1.322140986370576421e+00
1.285339845535210523e+00
1.261139095311953673e+00
1.284939833134826070e+00
1.244138568295616087e+00
1.180636599734590897e+00
1.178736540832764801e+00
1.151235688306336602e+00
1.135935213991632775e+00
1.092733874750116296e+00
1.078633437636565828e+00
1.055532721514366168e+00
1.026931834886880779e+00
9.764302693383487552e-01
9.741301980361383173e-01
9.307288525944297231e-01
9.020279628668481653e-01
8.622267290285992036e-01
8.497263415165863254e-01
7.960246767649791222e-01
7.990247697678621863e-01
7.500232507207718058e-01
7.332227299046264468e-01
7.161221997881929147e-01
6.692207458431206346e-01
6.544202870288974294e-01
6.296195182050638994e-01
5.903182998672954485e-01
5.584173109366386001e-01
5.576172861358698052e-01
5.199161173996389440e-01
4.943153237750366191e-01
4.582142046403435143e-01
4.555141209377487344e-01
4.257131971091100420e-01
4.114127537953673475e-01
3.882120345730714628e-01
3.726115509580794072e-01
3.342103605211759199e-01
3.273101466145447724e-01
3.087095699966696527e-01
2.870088972758153001e-01
2.726084508619764923e-01
2.723084415616882081e-01
2.381073813288210050e-01
2.211068543124835029e-01
2.190067892104653469e-01
2.055063706974914750e-01
1.936060017860552207e-01
1.794055615724086117e-01
1.689052360623178040e-01
1.533047524473257484e-01
1.452045013395414086e-01
1.372042533318531821e-01
1.341041572288739769e-01
1.237038348188792825e-01
1.097034008054248860e-01
9.780303189398863173e-02
9.110282418754973854e-02
8.700269708360952592e-02
7.960246767649790944e-02
7.470231577178887417e-02
7.390229097102003764e-02
6.480200886227467649e-02
6.540202746285130042e-02
5.580172985362542165e-02
4.990154694795535112e-02
4.270132374103594031e-02
4.420137024247747931e-02
3.690114393546196914e-02
3.640112843498145845e-02
3.410105713277108985e-02
2.950091452835035613e-02
2.650082152546726771e-02
2.450075952354521108e-02
2.450075952354521108e-02
2.180067582095043116e-02
2.090064792008550568e-02
1.800055801729852356e-02
1.510046811451153798e-02
1.560048361499205213e-02
1.210037511162845129e-02
9.800303809418084433e-03
1.260039061210896545e-02
9.200285208841467444e-03
7.300226307015511909e-03
8.100251107784334562e-03
7.200223206919409077e-03
6.200192205958379894e-03
6.600204606342791221e-03
6.400198406150585557e-03
4.300133304132424360e-03
3.500108503363601707e-03
3.100096102979189947e-03
3.000093002883087116e-03
3.300102303171395610e-03
3.000093002883087116e-03
3.000093002883087116e-03
2.100065102018160764e-03
2.200068202114264029e-03
2.000062001922057933e-03
2.000062001922057933e-03
1.000031000961028966e-03
1.700052701633749221e-03
1.000031000961028966e-03
7.000217006727203631e-04
6.000186005766174231e-04
1.500046501441543558e-03
7.000217006727203631e-04
1.100034101057132015e-03
3.000093002883087116e-04
2.000062001922057987e-04
3.000093002883087116e-04
2.000062001922057987e-04
1.000031000961028993e-04
2.000062001922057987e-04
1.000031000961028993e-04
1.000031000961028993e-04
2.000062001922057987e-04
1.000031000961028993e-04
0.000000000000000000e+00
0.000000000000000000e+00
1.000031000961028993e-04
1.000031000961028993e-04
0.000000000000000000e+00
1.000031000961028993e-04
2.000062001922057987e-04
0.000000000000000000e+00
0.000000000000000000e+00
0.000000000000000000e+00
0.000000000000000000e+00
0.000000000000000000e+00
0.000000000000000000e+00
1.000031000961028993e-04
0.000000000000000000e+00
0.000000000000000000e+00
1.000031000961028993e-04
0.000000000000000000e+00
0.000000000000000000e+00
0.000000000000000000e+00
0.000000000000000000e+00
0.000000000000000000e+00
0.000000000000000000e+00
1.000031000961028993e-04
0.000000000000000000e+00
0.000000000000000000e+00
0.000000000000000000e+00
0.000000000000000000e+00
0.000000000000000000e+00
0.000000000000000000e+00
0.000000000000000000e+00
0.000000000000000000e+00
0.000000000000000000e+00
0.000000000000000000e+00
0.000000000000000000e+00
0.000000000000000000e+00
0.000000000000000000e+00
0.000000000000000000e+00
0.000000000000000000e+00
0.000000000000000000e+00
0.000000000000000000e+00
0.000000000000000000e+00
0.000000000000000000e+00
0.000000000000000000e+00
0.000000000000000000e+00
0.000000000000000000e+00
0.000000000000000000e+00
0.000000000000000000e+00
0.000000000000000000e+00
0.000000000000000000e+00
0.000000000000000000e+00
0.000000000000000000e+00
0.000000000000000000e+00
0.000000000000000000e+00
0.000000000000000000e+00
0.000000000000000000e+00
0.000000000000000000e+00
0.000000000000000000e+00
0.000000000000000000e+00
0.000000000000000000e+00
0.000000000000000000e+00
0.000000000000000000e+00
0.000000000000000000e+00
0.000000000000000000e+00
0.000000000000000000e+00
0.000000000000000000e+00
0.000000000000000000e+00
0.000000000000000000e+00
0.000000000000000000e+00
0.000000000000000000e+00
0.000000000000000000e+00
0.000000000000000000e+00
0.000000000000000000e+00
0.000000000000000000e+00
0.000000000000000000e+00
0.000000000000000000e+00
0.000000000000000000e+00
0.000000000000000000e+00
0.000000000000000000e+00
0.000000000000000000e+00
0.000000000000000000e+00
0.000000000000000000e+00
0.000000000000000000e+00
0.000000000000000000e+00
0.000000000000000000e+00
0.000000000000000000e+00
0.000000000000000000e+00
0.000000000000000000e+00
0.000000000000000000e+00
0.000000000000000000e+00
0.000000000000000000e+00
0.000000000000000000e+00
0.000000000000000000e+00
0.000000000000000000e+00
0.000000000000000000e+00
0.000000000000000000e+00
0.000000000000000000e+00
0.000000000000000000e+00
0.000000000000000000e+00
0.000000000000000000e+00
0.000000000000000000e+00
0.000000000000000000e+00
0.000000000000000000e+00
0.000000000000000000e+00
0.000000000000000000e+00
0.000000000000000000e+00
0.000000000000000000e+00
0.000000000000000000e+00
0.000000000000000000e+00
0.000000000000000000e+00
0.000000000000000000e+00
