1.700144512283542630e-03
1.500127510838419930e-03
2.800238020231717376e-03
4.000340028902453146e-03
6.100518544076240744e-03
6.400544046243925554e-03
6.000510043353679719e-03
9.500807568643326873e-03
1.020086707370125578e-02
9.700824570088448923e-03
1.370116459899090207e-02
1.560132611271956675e-02
1.870158963511896894e-02
1.810153863078359932e-02
2.380202317196959683e-02
2.670226969292387523e-02
2.980253321532327568e-02
3.420290724711597813e-02
3.820324727601842607e-02
4.360370631503673877e-02
5.240445437862213673e-02
5.880499842486606316e-02
6.900586549856731200e-02
7.300620552746976688e-02
8.370711510478383299e-02
9.760829670521985191e-02
1.127095803143266239e-01
1.238105238945309272e-01
1.273108214198205856e-01
1.459124025542169745e-01
1.643139666871682725e-01
1.807153608056683292e-01
2.009170779516257221e-01
2.205187440932477316e-01
2.439207332623270774e-01
2.763234874964369814e-01
2.857242865643577212e-01
3.109264287464431620e-01
3.368286304335865733e-01
3.670311976518000896e-01
3.954336118570074832e-01
4.211357965427057759e-01
4.562387802963248085e-01
4.975422910947426280e-01
5.321452323447488642e-01
5.595475615427306648e-01
5.854497632298740761e-01
6.410544896316181518e-01
6.810578899206426451e-01
7.097603296280177165e-01
7.533640359430544553e-01
8.024682097978320661e-01
8.371711595485609170e-01
8.775745938404756474e-01
8.984763704914909832e-01
9.429801533130307556e-01
9.764830010550887840e-01
1.022886945390357294e+00
1.075891450773314828e+00
1.118295055079680855e+00
1.151497877319571206e+00
1.170599500957580474e+00
1.202902246690967791e+00
1.227404329367995262e+00
1.295110084357169233e+00
1.319012116029861348e+00
1.351814904266861461e+00
1.350214768255300513e+00
1.384317667001693897e+00
1.409319792182334163e+00
1.435121985368755126e+00
1.481125895701133288e+00
1.473525249646218560e+00
1.504727901871657725e+00
1.497527289819633456e+00
1.501427621347813268e+00
1.516628913457642502e+00
1.517428981463422977e+00
1.543331183150566499e+00
1.530430086557356129e+00
1.535330503092761534e+00
1.517829015466313214e+00
1.522129380997383485e+00
1.509728326907785911e+00
1.506728071886108911e+00
1.504527884870212606e+00
1.491826805278447354e+00
1.453123515498816021e+00
1.443122665426560092e+00
1.417020446737971451e+00
1.387117905021925557e+00
1.378117139956895221e+00
1.354315116784925443e+00
1.328212898096337025e+00
1.313511648490120587e+00
1.290009650820318710e+00
1.257706905086931393e+00
1.213503147767559076e+00
1.193201422120879318e+00
1.179500257521888251e+00
1.129996049664220514e+00
1.104493881979967229e+00
1.065290549696723321e+00
1.054089597615796459e+00
1.015886350339777922e+00
9.643819724676588878e-01
9.344794307516131049e-01
9.080771865608568971e-01
8.765745088332500545e-01
8.351709895341096201e-01
8.080686858382954973e-01
7.832665776591003493e-01
7.525639679372739810e-01
7.073601256106762936e-01
6.738572778686182652e-01
6.618562577819109283e-01
6.386542856142766178e-01
6.077516588910052420e-01
5.776491001735142294e-01
5.445462864343464382e-01
5.183440592450353490e-01
4.995424611091938694e-01
4.719401149097668946e-01
4.561387717956022492e-01
4.268362810838917665e-01
4.086347339523855871e-01
3.879329743028154254e-01
3.675312401554128861e-01
3.422290894726048860e-01
3.434291914812755975e-01
3.224274063295377024e-01
2.885245245845894368e-01
2.703229774530832574e-01
2.570218468569825943e-01
2.428206397543788975e-01
2.316196876734520349e-01
2.246190926228727458e-01
2.046173924783604714e-01
1.927163808923756938e-01
1.720146212428054766e-01
1.765150037753207557e-01
1.597135756539304341e-01
1.432121730347078181e-01
1.451123345484365001e-01
1.274108299205431449e-01
1.213103113764668894e-01
1.154098098338357803e-01
1.061090192666375720e-01
9.710825420160705546e-02
8.870754014091189465e-02
8.480720861273201294e-02
7.590645204842405569e-02
7.790662206287528313e-02
6.550556797327766745e-02
6.120520244220753470e-02
5.890500692558862245e-02
5.790492191836300873e-02
5.300450538295750635e-02
4.920418235550017699e-02
4.630393583454589512e-02
4.020341729046965351e-02
3.690313676662512754e-02
3.490296675217390704e-02
3.330283074061292370e-02
3.210272873194218446e-02
2.730232069725924485e-02
2.710230369581411933e-02
2.340198916907935273e-02
2.320197216763422721e-02
2.270192966402142035e-02
1.910162363800921304e-02
1.720146212428054835e-02
1.510128360910676162e-02
1.480125810693907681e-02
1.670141962066774149e-02
1.450123260477139374e-02
1.080091807803662367e-02
9.700824570088448923e-03
1.060090107659150162e-02
6.400544046243925554e-03
8.700739562862835202e-03
6.500552546966486579e-03
5.600476040463434751e-03
5.900501542631118694e-03
5.000425036128066866e-03
4.800408034682943949e-03
3.400289024567085261e-03
4.000340028902453146e-03
3.700314526734769204e-03
3.900331528179891687e-03
3.100263522399401318e-03
2.600221018786594458e-03
2.500212518064033433e-03
2.800238020231717376e-03
1.900161513728665331e-03
2.100178515173788032e-03
1.200102008670735987e-03
2.300195516618910516e-03
1.900161513728665331e-03
1.100093507948174528e-03
1.200102008670735987e-03
1.000085007225613287e-03
6.000510043353679936e-04
6.000510043353679936e-04
8.000680057804906943e-04
9.000765065030519362e-04
1.000085007225613368e-04
5.000425036128066433e-04
5.000425036128066433e-04
6.000510043353679936e-04
1.000085007225613368e-04
4.000340028902453471e-04
3.000255021676839968e-04
2.000170014451226736e-04
2.000170014451226736e-04
2.000170014451226736e-04
0.000000000000000000e+00
3.000255021676839968e-04
1.000085007225613368e-04
1.000085007225613368e-04
0.000000000000000000e+00
0.000000000000000000e+00
1.000085007225613368e-04
1.000085007225613368e-04
1.000085007225613368e-04
1.000085007225613368e-04
2.000170014451226736e-04
0.000000000000000000e+00
0.000000000000000000e+00
0.000000000000000000e+00
0.000000000000000000e+00
0.000000000000000000e+00
0.000000000000000000e+00
0.000000000000000000e+00
1.000085007225613368e-04
1.000085007225613368e-04
0.000000000000000000e+00
0.000000000000000000e+00
0.000000000000000000e+00
0.000000000000000000e+00
0.000000000000000000e+00
0.000000000000000000e+00
0.000000000000000000e+00
0.000000000000000000e+00
0.000000000000000000e+00
0.000000000000000000e+00
0.000000000000000000e+00
0.000000000000000000e+00
0.000000000000000000e+00
0.000000000000000000e+00
0.000000000000000000e+00
0.000000000000000000e+00
0.000000000000000000e+00
0.000000000000000000e+00
1.000085007225613368e-04
0.000000000000000000e+00
0.000000000000000000e+00
0.000000000000000000e+00
0.000000000000000000e+00
0.000000000000000000e+00
0.000000000000000000e+00
0.000000000000000000e+00
0.000000000000000000e+00
0.000000000000000000e+00
0.000000000000000000e+00
0.000000000000000000e+00
0.000000000000000000e+00
0.000000000000000000e+00
0.000000000000000000e+00
0.000000000000000000e+00
0.000000000000000000e+00
0.000000000000000000e+00
0.000000000000000000e+00
0.000000000000000000e+00
0.000000000000000000e+00
0.000000000000000000e+00
0.000000000000000000e+00
0.000000000000000000e+00
0.000000000000000000e+00
0.000000000000000000e+00
0.000000000000000000e+00
0.000000000000000000e+00
0.000000000000000000e+00
0.000000000000000000e+00
0.000000000000000000e+00
0.000000000000000000e+00
0.000000000000000000e+00
0.000000000000000000e+00
0.000000000000000000e+00
0.000000000000000000e+00
0.000000000000000000e+00
0.000000000000000000e+00
0.000000000000000000e+00
0.000000000000000000e+00
0.000000000000000000e+00
0.000000000000000000e+00
0.000000000000000000e+00
0.000000000000000000e+00
0.000000000000000000e+00
0.000000000000000000e+00
0.000000000000000000e+00
0.000000000000000000e+00
0.000000000000000000e+00
0.000000000000000000e+00
0.000000000000000000e+00
0.000000000000000000e+00
0.000000000000000000e+00
0.000000000000000000e+00
0.000000000000000000e+00
0.000000000000000000e+00
0.000000000000000000e+00
0.000000000000000000e+00
0.000000000000000000e+00
0.000000000000000000e+00
0.000000000000000000e+00
0.000000000000000000e+00
0.000000000000000000e+00
0.000000000000000000e+00
0.000000000000000000e+00
0.000000000000000000e+00
0.000000000000000000e+00
0.000000000000000000e+00
0.000000000000000000e+00
0.000000000000000000e+00
0.000000000000000000e+00
0.000000000000000000e+00
0.000000000000000000e+00
0.000000000000000000e+00
0.000000000000000000e+00
0.000000000000000000e+00
0.000000000000000000e+00
0.000000000000000000e+00
0.000000000000000000e+00
0.000000000000000000e+00
0.000000000000000000e+00
0.000000000000000000e+00
0.000000000000000000e+00
0.000000000000000000e+00
0.000000000000000000e+00
0.000000000000000000e+00
