7.000441027784743515e-04
1.400088205556948703e-03
1.600100806350798549e-03
1.500094505953873626e-03
1.500094505953873626e-03
1.600100806350798549e-03
2.100132308335422946e-03
2.100132308335422946e-03
1.900119707541573317e-03
1.700107106747723472e-03
3.000189011907747252e-03
2.700170110716972483e-03
3.400214213495446943e-03
5.300333921037020043e-03
4.400277217464695738e-03
4.600289818258545584e-03
5.600352822227794812e-03
6.200390624609344349e-03
7.400466229372443423e-03
6.900434727387818809e-03
9.000567035723241321e-03
7.200453628578593578e-03
9.400592237310941013e-03
1.190074974723406322e-02
1.190074974723406322e-02
1.330083795279101214e-02
1.360085685398178777e-02
1.560098286192028623e-02
1.570098916231721028e-02
1.960123487779728141e-02
2.230140498851425346e-02
2.150135458533885408e-02
2.890182081471129663e-02
3.140197832463442057e-02
3.120196572384057246e-02
3.330209803217599324e-02
3.770237524964069331e-02
3.720234374765606783e-02
4.110258946313613548e-02
4.620291078337930568e-02
5.230329510759172684e-02
4.950311869647783247e-02
5.700359122624719388e-02
6.500409525800118771e-02
6.730424016713046353e-02
7.110447958221360887e-02
7.890497101317375805e-02
8.320524193024152193e-02
9.540601057866636425e-02
9.630606728223868596e-02
1.035065209108172735e-01
1.095068989346327792e-01
1.215076549822637630e-01
1.243078313933776574e-01
1.325083480259255098e-01
1.447091166743503521e-01
1.594100428326983010e-01
1.725108681846954650e-01
1.889119014497911420e-01
1.840115927303418164e-01
2.055129473156806774e-01
2.084131300271915010e-01
2.255142073950656689e-01
2.398151083518259286e-01
2.500157509923122690e-01
2.582162676248601074e-01
2.827178112221067074e-01
2.884181703447314393e-01
3.120196572384056899e-01
3.233203691832582383e-01
3.534222656027325993e-01
3.678231728598898020e-01
3.906246093503886740e-01
4.072256552162782373e-01
4.195264301650999950e-01
4.374275579361495692e-01
4.526285155964821505e-01
4.805302734072242066e-01
5.135323525382093912e-01
5.326335559140220610e-01
5.484345513767362457e-01
5.664356854481826797e-01
6.103384513224326957e-01
6.107384765240203572e-01
6.381402028327778364e-01
6.579414503113689694e-01
6.898434601379880293e-01
7.040443547943513458e-01
7.192453124546839272e-01
7.582477696094847008e-01
7.880496471277682602e-01
8.036506299896885031e-01
8.225518207647073421e-01
8.557539124964864685e-01
8.625543409234773806e-01
8.661545677377666674e-01
9.303586125925924488e-01
9.245582471695708016e-01
9.808617942930395461e-01
9.727612839608885675e-01
1.004063255985126135e+00
1.029464856285944974e+00
1.052666317978031563e+00
1.069367370144318041e+00
1.103569524880066322e+00
1.081568138792742939e+00
1.124470841663023579e+00
1.151472542770193286e+00
1.146372221449950102e+00
1.140371843426134735e+00
1.183874584098796978e+00
1.184574628201575441e+00
1.168573620138067648e+00
1.195575321245237355e+00
1.215576581324622207e+00
1.219876852241690068e+00
1.236477898107579465e+00
1.238378017815121135e+00
1.247578597451638238e+00
1.233577715396068752e+00
1.258879309396490731e+00
1.268979945736580239e+00
1.247578597451638238e+00
1.222076990850422318e+00
1.246478528147272113e+00
1.243878364336951980e+00
1.228877419277413230e+00
1.215376568723828488e+00
1.214376505719859223e+00
1.205575951284929781e+00
1.189174918019834104e+00
1.160173090904725868e+00
1.163273286217030522e+00
1.169673689442433773e+00
1.137071635513036139e+00
1.137671673315417742e+00
1.115570280927697278e+00
1.109569902903881911e+00
1.096869102753472491e+00
1.051666254974062298e+00
1.031464982293883503e+00
1.033365102001425173e+00
1.011863747416086312e+00
9.866621597160610824e-01
9.500598537707866109e-01
9.427593938418110664e-01
9.338588331064847647e-01
8.878559349238993592e-01
8.903560924338224103e-01
8.488534777690985855e-01
8.138512726301748712e-01
8.034506173888946723e-01
7.762489036809311349e-01
7.579477507082938992e-01
7.485471584709829651e-01
7.042443673951451766e-01
6.879433404304464705e-01
6.659419543431229771e-01
6.427404926510363881e-01
6.394402847379379029e-01
6.065382119073495781e-01
5.704359374640596281e-01
5.564350554084901423e-01
5.240330140798865610e-01
5.067319241112184791e-01
4.911309412492982363e-01
4.600289818258545549e-01
4.510284147901313379e-01
4.206264994694661752e-01
4.056255544099274246e-01
3.899245652476102109e-01
3.718234248757668059e-01
3.530222404011449377e-01
3.477219064801079229e-01
3.122196698391995762e-01
3.060192792145902119e-01
2.964186743764854470e-01
2.717171181784449607e-01
2.621165133403401959e-01
2.426152847629398368e-01
2.305145224149119099e-01
2.161136151577547349e-01
2.023127457029790799e-01
1.934121849676527782e-01
1.834115549279602686e-01
1.716108114811231433e-01
1.558098160184090142e-01
1.551097719156305232e-01
1.453091544767318999e-01
1.291081338124300537e-01
1.191075037727375580e-01
1.156072832588451865e-01
1.091068737330450761e-01
1.022064390056572486e-01
9.300585936914015917e-02
9.020568295802626479e-02
8.280521672865381877e-02
7.680483870483832687e-02
7.190452998538901519e-02
6.590415196157350941e-02
6.340399445165038894e-02
5.700359122624719388e-02
5.510347151870562121e-02
4.680294858576085348e-02
4.980313759766860637e-02
3.790238785043453795e-02
3.880244455400686659e-02
3.180200352622212373e-02
3.160199092542827215e-02
2.710170740756664975e-02
2.520158770002507709e-02
2.550160660121585099e-02
2.220139868811733114e-02
1.950122857740035562e-02
1.730108996866800905e-02
1.870117817422495624e-02
1.740109626906493484e-02
1.590100176311106187e-02
1.380086945477563762e-02
1.320083165239408808e-02
9.900623739295566494e-03
1.210076234802791306e-02
9.500598537707866803e-03
8.900560735326317266e-03
7.300459928975518500e-03
6.700422126593968963e-03
6.000378023815494503e-03
5.500346521830869889e-03
4.100258316273920969e-03
3.500220513892371866e-03
4.900308719449320352e-03
2.200138608732347869e-03
3.000189011907747252e-03
2.600163810320047560e-03
1.800113407144648394e-03
2.700170110716972483e-03
1.700107106747723472e-03
1.800113407144648394e-03
1.600100806350798549e-03
1.700107106747723472e-03
1.300081905160023780e-03
1.600100806350798549e-03
9.000567035723241972e-04
9.000567035723241972e-04
5.000315019846245058e-04
7.000441027784743515e-04
7.000441027784743515e-04
3.000189011907747143e-04
3.000189011907747143e-04
6.000378023815494287e-04
4.000252015876996372e-04
4.000252015876996372e-04
3.000189011907747143e-04
1.000063003969249093e-04
4.000252015876996372e-04
1.000063003969249093e-04
1.000063003969249093e-04
2.000126007938498186e-04
2.000126007938498186e-04
0.000000000000000000e+00
0.000000000000000000e+00
0.000000000000000000e+00
1.000063003969249093e-04
1.000063003969249093e-04
0.000000000000000000e+00
0.000000000000000000e+00
0.000000000000000000e+00
0.000000000000000000e+00
1.000063003969249093e-04
1.000063003969249093e-04
0.000000000000000000e+00
0.000000000000000000e+00
0.000000000000000000e+00
0.000000000000000000e+00
1.000063003969249093e-04
0.000000000000000000e+00
0.000000000000000000e+00
0.000000000000000000e+00
0.000000000000000000e+00
0.000000000000000000e+00
0.000000000000000000e+00
1.000063003969249093e-04
0.000000000000000000e+00
0.000000000000000000e+00
0.000000000000000000e+00
0.000000000000000000e+00
0.000000000000000000e+00
0.000000000000000000e+00
0.000000000000000000e+00
0.000000000000000000e+00
0.000000000000000000e+00
0.000000000000000000e+00
0.000000000000000000e+00
0.000000000000000000e+00
0.000000000000000000e+00
0.000000000000000000e+00
0.000000000000000000e+00
0.000000000000000000e+00
0.000000000000000000e+00
0.000000000000000000e+00
0.000000000000000000e+00
0.000000000000000000e+00
0.000000000000000000e+00
0.000000000000000000e+00
0.000000000000000000e+00
0.000000000000000000e+00
0.000000000000000000e+00
0.000000000000000000e+00
0.000000000000000000e+00
0.000000000000000000e+00
0.000000000000000000e+00
0.000000000000000000e+00
0.000000000000000000e+00
0.000000000000000000e+00
0.000000000000000000e+00
0.000000000000000000e+00
0.000000000000000000e+00
0.000000000000000000e+00
0.000000000000000000e+00
0.000000000000000000e+00
0.000000000000000000e+00
0.000000000000000000e+00
0.000000000000000000e+00
0.000000000000000000e+00
0.000000000000000000e+00
0.000000000000000000e+00
0.000000000000000000e+00
0.000000000000000000e+00
0.000000000000000000e+00
0.000000000000000000e+00
0.000000000000000000e+00
0.000000000000000000e+00
0.000000000000000000e+00
0.000000000000000000e+00
0.000000000000000000e+00
0.000000000000000000e+00
0.000000000000000000e+00
0.000000000000000000e+00
0.000000000000000000e+00
0.000000000000000000e+00
