0.000000000000000000e+00
0.000000000000000000e+00
5.000050000500000239e-04
5.000050000500000239e-04
0.000000000000000000e+00
0.000000000000000000e+00
0.000000000000000000e+00
5.000050000500000239e-04
1.000010000100000048e-03
0.000000000000000000e+00
5.000050000500000239e-04
5.000050000500000239e-04
1.500015000150000180e-03
2.500025000250000011e-03
1.000010000100000048e-03
4.500045000450000540e-03
2.000020000200000096e-03
6.500065000650000202e-03
7.500075000750000900e-03
4.500045000450000540e-03
9.000090000900001080e-03
1.600016000160000076e-02
1.200012000120000144e-02
2.200022000220000148e-02
2.000020000200000009e-02
3.500035000350000536e-02
2.350023500235000340e-02
4.500045000450000193e-02
4.550045500455000141e-02
5.250052500525000110e-02
4.900049000490000473e-02
7.500075000750000553e-02
8.300083000830001112e-02
8.950089500895000438e-02
1.025010250102500048e-01
1.350013500134999989e-01
1.315013150131500164e-01
1.605016050160500141e-01
1.940019400194000210e-01
1.895018950189500118e-01
2.285022850228500269e-01
2.780027800278000449e-01
3.100031000310000118e-01
3.345033450334500280e-01
3.475034750347500423e-01
4.175041750417500253e-01
4.215042150421500211e-01
4.910049100491000185e-01
4.805048050480500432e-01
5.680056800568000774e-01
6.170061700616999989e-01
6.605066050660500787e-01
6.995069950699500660e-01
7.300073000730000761e-01
7.835078350783500900e-01
8.135081350813501144e-01
8.790087900879001159e-01
9.240092400924000415e-01
9.840098400984000904e-01
1.015010150101500086e+00
1.041010410104100004e+00
1.080510805108050087e+00
1.163011630116300044e+00
1.150511505115050070e+00
1.164011640116400015e+00
1.168511685116849996e+00
1.217012170121700043e+00
1.227512275122750074e+00
1.233012330123300027e+00
1.230512305123050210e+00
1.267512675126750032e+00
1.210512105121050119e+00
1.203012030120300002e+00
1.170011700117000064e+00
1.169011690116900093e+00
1.163011630116300044e+00
1.148511485114850128e+00
1.117511175111750132e+00
1.020010200102000164e+00
1.041010410104100004e+00
9.845098450984500760e-01
9.805098050980500801e-01
8.975089750897500274e-01
8.540085400854000586e-01
8.170081700817000137e-01
7.975079750797500200e-01
7.155071550715500495e-01
6.850068500685000394e-01
6.620066200662000355e-01
5.980059800598001019e-01
5.665056650566500096e-01
5.160051600516000203e-01
4.580045800458000249e-01
4.030040300403000542e-01
3.770037700377000256e-01
3.445034450344500176e-01
3.080030800308000138e-01
2.820028200282000408e-01
2.515025150251500308e-01
2.365023650236500186e-01
2.095020950209500188e-01
1.785017850178500232e-01
1.755017550175500263e-01
1.475014750147499998e-01
1.345013450134500133e-01
1.050010500105000022e-01
9.000090000900000387e-02
9.050090500905000335e-02
7.850078500785000191e-02
6.500065000650000202e-02
4.550045500455000141e-02
4.500045000450000193e-02
3.450034500345000588e-02
2.300023000230000045e-02
2.500025000250000184e-02
2.200022000220000148e-02
1.900019000190000112e-02
1.750017500175000268e-02
8.500085000849999864e-03
1.000010000100000004e-02
1.250012500125000092e-02
5.500055000550000371e-03
4.000040000400000191e-03
5.000050000500000022e-03
5.000050000500000022e-03
2.500025000250000011e-03
3.500035000350000276e-03
2.000020000200000096e-03
2.500025000250000011e-03
5.000050000500000239e-04
2.000020000200000096e-03
0.000000000000000000e+00
1.500015000150000180e-03
5.000050000500000239e-04
5.000050000500000239e-04
1.000010000100000048e-03
0.000000000000000000e+00
0.000000000000000000e+00
0.000000000000000000e+00
0.000000000000000000e+00
0.000000000000000000e+00
0.000000000000000000e+00
0.000000000000000000e+00
0.000000000000000000e+00
0.000000000000000000e+00
0.000000000000000000e+00
0.000000000000000000e+00
0.000000000000000000e+00
0.000000000000000000e+00
0.000000000000000000e+00
0.000000000000000000e+00
0.000000000000000000e+00
0.000000000000000000e+00
0.000000000000000000e+00
0.000000000000000000e+00
0.000000000000000000e+00
0.000000000000000000e+00
0.000000000000000000e+00
0.000000000000000000e+00
0.000000000000000000e+00
0.000000000000000000e+00
0.000000000000000000e+00
0.000000000000000000e+00
0.000000000000000000e+00
0.000000000000000000e+00
0.000000000000000000e+00
0.000000000000000000e+00
0.000000000000000000e+00
0.000000000000000000e+00
0.000000000000000000e+00
