3.712026967374289221e-02
3.210401701512898692e-02
3.310726754685176798e-02
4.213652233235679057e-02
6.721778562542631008e-02
4.113327180063400951e-02
5.517877924475294432e-02
5.216902764958460115e-02
5.417552871303016326e-02
7.524378987920855855e-02
7.925679200609968278e-02
8.226654360126801901e-02
8.828604679160470536e-02
7.725029094265412066e-02
9.229904891849582960e-02
1.023315542357236402e-01
1.163770616798425750e-01
1.254063164653476115e-01
1.053413058308919764e-01
1.514908302901399051e-01
1.605200850756449138e-01
2.026566074080017321e-01
1.835948473052688712e-01
1.926241020907739077e-01
1.906176010273283594e-01
2.076728600666156166e-01
2.297443717645168137e-01
2.397768770817446105e-01
2.548256350575863194e-01
2.688711425017052403e-01
2.999719089851114462e-01
2.849231510092697373e-01
2.758938962237647008e-01
3.441149323809137850e-01
3.541474376981416095e-01
3.601669408884782819e-01
3.571571892933099734e-01
3.942774589670528518e-01
4.725310004414297604e-01
4.424334844897463426e-01
4.665114972510930880e-01
4.855732573538258934e-01
5.497812913840838256e-01
4.885830089489942574e-01
5.578072956378661296e-01
5.568040451061433416e-01
6.129860748826190253e-01
6.049600706288368324e-01
6.149925759460646013e-01
6.470965929611935952e-01
6.651551025322036681e-01
6.832136121032137410e-01
7.233436333721249278e-01
7.875516674023829156e-01
7.765159115534323586e-01
8.015971748465018365e-01
8.607889562181458842e-01
8.848669689794926851e-01
8.397206950519675583e-01
8.577792046229776313e-01
9.280067418435722360e-01
9.460652514145823089e-01
9.641237609855923818e-01
1.035354548737909886e+00
1.030338296079295946e+00
1.068461816284761445e+00
1.031341546611018734e+00
1.093543079577831145e+00
1.112604839680563895e+00
1.090533327982662781e+00
1.085517075324048841e+00
1.167783618925316791e+00
1.160760865203257275e+00
1.164773867330148427e+00
1.180825875837713035e+00
1.226975400296960839e+00
1.232994903487297567e+00
1.244030659336248235e+00
1.258076166780367044e+00
1.204903888599059725e+00
1.235001404550743143e+00
1.216942894979733181e+00
1.280147678478268380e+00
1.233998154019020355e+00
1.183835627432881399e+00
1.214936393916287605e+00
1.343352461976803580e+00
1.284160680605159310e+00
1.258076166780367044e+00
1.224968899233515263e+00
1.224968899233515263e+00
1.285163931136882098e+00
1.286167181668604886e+00
1.216942894979733181e+00
1.152734860949475193e+00
1.179822625305990247e+00
1.201894137003891361e+00
1.177816124242544671e+00
1.191861631686663481e+00
1.138689353505356161e+00
1.136682852441910585e+00
1.091536578514385569e+00
1.163770616798425639e+00
1.126650347124682927e+00
1.096552831172999509e+00
1.078494321601989325e+00
9.851920221517707077e-01
9.671335125807606348e-01
9.771660178979885147e-01
9.560977567318100778e-01
8.627954572815914602e-01
8.708214615353737642e-01
8.718247120670965522e-01
8.828604679160471091e-01
7.765159115534323586e-01
7.644769051727590137e-01
7.714996588948184186e-01
7.684899072996500546e-01
7.343793892210754848e-01
6.882298647618275700e-01
7.113046269914515829e-01
6.169990770095101773e-01
5.999438179702228924e-01
6.350575865805202502e-01
6.169990770095101773e-01
5.568040451061433416e-01
5.156707733055093668e-01
5.257032786227371357e-01
5.507845419158066136e-01
4.966090132027765058e-01
4.835667562903803174e-01
4.364139812994096701e-01
3.932742084353300638e-01
3.832417031181022393e-01
3.401019302540226885e-01
3.441149323809137850e-01
3.240499217464581916e-01
3.210401701512898276e-01
3.039849111120025982e-01
2.969621573899431377e-01
3.110076648340620586e-01
2.789036478189330648e-01
2.829166499458241613e-01
2.598418877162002039e-01
2.498093823989724072e-01
2.026566074080017321e-01
2.197118664472889893e-01
1.906176010273283594e-01
1.926241020907739077e-01
1.545005818853082413e-01
1.655363377342588260e-01
1.625265861390904898e-01
1.153738111481197870e-01
1.374453228460209564e-01
1.093543079577831006e-01
1.043380552991692023e-01
8.627954572815914325e-02
9.229904891849582960e-02
8.828604679160470536e-02
8.627954572815914325e-02
7.925679200609968278e-02
9.029254785505026748e-02
8.026004253782245690e-02
7.223403828404022231e-02
4.815602552269347691e-02
5.116577711786182009e-02
5.116577711786182009e-02
3.712026967374289221e-02
4.313977286407957162e-02
4.915927605441625797e-02
4.013002126891122845e-02
3.712026967374289221e-02
3.411051807857454904e-02
2.307476222962395740e-02
2.106826116617839528e-02
2.608451382479230057e-02
2.106826116617839528e-02
3.009751595168342481e-02
1.805850957101005558e-02
1.504875797584171240e-02
2.307476222962395740e-02
1.404550744411893135e-02
1.003250531722780711e-02
1.103575584895058817e-02
1.304225691239615029e-02
1.805850957101005558e-02
5.016252658613903556e-03
1.003250531722780711e-02
2.006501063445561683e-03
9.029254785505027789e-03
7.022753722059465673e-03
4.013002126891123365e-03
4.013002126891123365e-03
5.016252658613903556e-03
1.003250531722780841e-03
3.009751595168342307e-03
2.006501063445561683e-03
6.019503190336684614e-03
0.000000000000000000e+00
3.009751595168342307e-03
3.009751595168342307e-03
3.009751595168342307e-03
1.003250531722780841e-03
1.003250531722780841e-03
4.013002126891123365e-03
1.003250531722780841e-03
1.003250531722780841e-03
1.003250531722780841e-03
0.000000000000000000e+00
0.000000000000000000e+00
0.000000000000000000e+00
0.000000000000000000e+00
0.000000000000000000e+00
0.000000000000000000e+00
0.000000000000000000e+00
0.000000000000000000e+00
1.003250531722780841e-03
0.000000000000000000e+00
0.000000000000000000e+00
0.000000000000000000e+00
0.000000000000000000e+00
0.000000000000000000e+00
0.000000000000000000e+00
0.000000000000000000e+00
0.000000000000000000e+00
0.000000000000000000e+00
0.000000000000000000e+00
0.000000000000000000e+00
0.000000000000000000e+00
0.000000000000000000e+00
0.000000000000000000e+00
0.000000000000000000e+00
1.003250531722780841e-03
0.000000000000000000e+00
0.000000000000000000e+00
0.000000000000000000e+00
0.000000000000000000e+00
0.000000000000000000e+00
0.000000000000000000e+00
0.000000000000000000e+00
0.000000000000000000e+00
0.000000000000000000e+00
0.000000000000000000e+00
0.000000000000000000e+00
0.000000000000000000e+00
0.000000000000000000e+00
0.000000000000000000e+00
0.000000000000000000e+00
0.000000000000000000e+00
0.000000000000000000e+00
0.000000000000000000e+00
0.000000000000000000e+00
0.000000000000000000e+00
0.000000000000000000e+00
0.000000000000000000e+00
0.000000000000000000e+00
0.000000000000000000e+00
0.000000000000000000e+00
0.000000000000000000e+00
0.000000000000000000e+00
0.000000000000000000e+00
0.000000000000000000e+00
0.000000000000000000e+00
0.000000000000000000e+00
0.000000000000000000e+00
0.000000000000000000e+00
0.000000000000000000e+00
0.000000000000000000e+00
0.000000000000000000e+00
0.000000000000000000e+00
0.000000000000000000e+00
0.000000000000000000e+00
0.000000000000000000e+00
0.000000000000000000e+00
0.000000000000000000e+00
0.000000000000000000e+00
0.000000000000000000e+00
0.000000000000000000e+00
0.000000000000000000e+00
0.000000000000000000e+00
0.000000000000000000e+00
0.000000000000000000e+00
0.000000000000000000e+00
0.000000000000000000e+00
0.000000000000000000e+00
0.000000000000000000e+00
0.000000000000000000e+00
0.000000000000000000e+00
0.000000000000000000e+00
0.000000000000000000e+00
0.000000000000000000e+00
0.000000000000000000e+00
0.000000000000000000e+00
0.000000000000000000e+00
0.000000000000000000e+00
0.000000000000000000e+00
0.000000000000000000e+00
0.000000000000000000e+00
0.000000000000000000e+00
0.000000000000000000e+00
0.000000000000000000e+00
0.000000000000000000e+00
0.000000000000000000e+00
0.000000000000000000e+00
0.000000000000000000e+00
0.000000000000000000e+00
0.000000000000000000e+00
0.000000000000000000e+00
0.000000000000000000e+00
0.000000000000000000e+00
0.000000000000000000e+00
0.000000000000000000e+00
0.000000000000000000e+00
0.000000000000000000e+00
0.000000000000000000e+00
0.000000000000000000e+00
0.000000000000000000e+00
0.000000000000000000e+00
0.000000000000000000e+00
0.000000000000000000e+00
0.000000000000000000e+00
0.000000000000000000e+00
0.000000000000000000e+00
0.000000000000000000e+00
0.000000000000000000e+00
0.000000000000000000e+00
0.000000000000000000e+00
0.000000000000000000e+00
0.000000000000000000e+00
0.000000000000000000e+00
0.000000000000000000e+00
0.000000000000000000e+00
0.000000000000000000e+00
0.000000000000000000e+00
0.000000000000000000e+00
0.000000000000000000e+00
0.000000000000000000e+00
0.000000000000000000e+00
0.000000000000000000e+00
0.000000000000000000e+00
