3.320402822041453733e-02
3.480905677487566158e-02
3.711628532191352942e-02
3.942351386895139725e-02
4.373702810906567040e-02
4.644551379471881930e-02
5.015714232691017432e-02
5.647694226010085278e-02
5.838291366852343955e-02
6.069014221556130739e-02
6.961811354975132315e-02
7.523571349036525802e-02
8.025142772305628169e-02
8.677185622555459721e-02
9.860894181470540587e-02
1.062328274483957391e-01
1.137563987974322677e-01
1.190730558840847469e-01
1.316123414658122992e-01
1.392362270995026463e-01
1.465591698792315378e-01
1.547849412208447961e-01
1.653179411094959361e-01
1.754496838595317743e-01
1.879889694412593404e-01
2.026348550007170957e-01
2.111615691962918373e-01
2.304219118498253283e-01
2.319266261196326340e-01
2.559017401518957069e-01
2.633249972162783892e-01
2.701463685727382158e-01
2.966293397213467520e-01
3.054569967708829492e-01
3.217079108848018287e-01
3.515012534269865152e-01
3.731691389122117064e-01
3.911253958652455287e-01
3.988495957835896943e-01
4.245300526549676823e-01
4.294454526030048735e-01
4.751887664051469562e-01
4.890321376873741910e-01
5.084931089102153745e-01
5.214336516305581037e-01
5.537348512890882812e-01
5.752021082050058354e-01
5.863369938015798866e-01
6.255598791012236815e-01
6.405067075146428923e-01
6.576604501904461664e-01
6.909647926955145847e-01
7.039053354158573139e-01
7.500499063566147262e-01
7.630907633616114127e-01
7.788401060522611719e-01
8.125457056959447533e-01
8.383264768519765875e-01
8.779506192902356565e-01
8.873801620476947649e-01
9.128599903497651713e-01
9.326219044265677827e-01
9.526847613573318219e-01
9.699388183177889422e-01
1.009262017902086583e+00
1.023205703468967442e+00
1.046980188931923017e+00
1.052096217449267845e+00
1.061224817352765415e+00
1.091118474179603837e+00
1.121012131006442258e+00
1.118805216744058306e+00
1.127833502362902252e+00
1.174379330442274716e+00
1.174981216150197794e+00
1.211696244333495986e+00
1.201865444437421493e+00
1.199156958751768309e+00
1.245301529692525833e+00
1.229752815571183655e+00
1.238781101190027378e+00
1.232160358402875300e+00
1.253727929603446700e+00
1.267270358031712396e+00
1.246705929677679237e+00
1.259144900974753067e+00
1.222831129930070038e+00
1.255834529581176806e+00
1.244699643984602755e+00
1.260448986675252625e+00
1.226342129892953769e+00
1.232661929826144309e+00
1.248812529655409564e+00
1.219721387105801691e+00
1.210291844348342361e+00
1.199859158744345233e+00
1.197652244481961059e+00
1.196849730204730511e+00
1.157125273481817596e+00
1.140774045083244870e+00
1.142579702207013659e+00
1.132849216595593234e+00
1.110378816833137439e+00
1.078077617174607150e+00
1.075770388627569352e+00
1.064635503030995300e+00
1.034741846204156879e+00
9.933120466421290207e-01
9.715438468722500387e-01
9.660265612162899362e-01
9.449605614389876562e-01
9.296124758869531712e-01
8.990166190675379365e-01
8.546777052505493133e-01
8.392293054138609820e-01
8.339126483272085721e-01
8.114422485647527772e-01
7.740250203888777714e-01
7.566706491437669158e-01
7.348021350892339765e-01
7.101248210643942294e-01
6.863503356014387657e-01
6.576604501904461664e-01
6.343875361507598232e-01
6.113152506803811725e-01
5.888448509179253776e-01
5.713901653881606757e-01
5.472144227865899380e-01
5.377848800291308295e-01
5.082924803409076819e-01
4.913393662344120449e-01
4.561290523209211023e-01
4.369690239520414021e-01
4.230253383851603766e-01
3.986489672142820573e-01
3.814952245384787832e-01
3.611314247537532607e-01
3.465858534789492684e-01
3.359525393056443376e-01
3.177956537833028783e-01
2.904098540728098921e-01
2.865979112559647324e-01
2.637262543548936633e-01
2.572058258523953755e-01
2.395505117533229811e-01
2.179829405527516084e-01
2.225973976468273441e-01
1.941081408051423818e-01
1.940078265204885355e-01
1.768540838446852614e-01
1.670232839486108789e-01
1.541830555129218572e-01
1.502707984114228790e-01
1.413428270772328632e-01
1.259947415251983505e-01
1.164648844830854235e-01
1.081387988568183328e-01
1.080384845721645143e-01
9.600077041370606856e-02
8.938002762655393452e-02
8.606965623297785362e-02
7.824514202997986945e-02
7.332974208194267818e-02
6.971842783440514169e-02
5.938605651506164568e-02
6.259611362398390111e-02
5.286562801256332322e-02
4.885305662641050567e-02
4.373702810906567040e-02
4.494079952491151358e-02
3.781848531449027301e-02
3.711628532191352942e-02
3.641408532933678582e-02
2.939208540356936031e-02
2.628234257930093035e-02
2.818831398772351712e-02
2.558014258672418675e-02
2.517888544810890569e-02
1.905971408422586430e-02
1.775562838372620258e-02
1.745468552976474005e-02
1.514745698272687222e-02
1.364274271291956650e-02
1.203771415845844225e-02
1.233865701241990305e-02
1.123519988122787840e-02
7.623885633690346240e-03
1.003142846538203521e-02
7.523571349036525975e-03
6.119171363883041392e-03
5.116028517344837871e-03
5.617599940613939198e-03
5.316657086652478402e-03
5.316657086652478402e-03
3.410685678229891625e-03
4.213199955460454615e-03
3.009428539614610564e-03
2.808799970306969599e-03
3.410685678229891625e-03
3.009428539614610564e-03
1.304085700499664534e-03
2.006285693076407042e-03
1.504714269807305282e-03
1.805657123768766295e-03
1.103457131192023787e-03
1.003142846538203521e-03
1.304085700499664534e-03
1.003142846538203521e-03
9.028285618843831474e-04
7.021999925767423998e-04
5.015714232691017606e-04
2.006285693076406934e-04
7.021999925767423998e-04
9.028285618843831474e-04
5.015714232691017606e-04
4.012571386152813868e-04
2.006285693076406934e-04
3.009428539614610130e-04
5.015714232691017606e-04
4.012571386152813868e-04
2.006285693076406934e-04
1.003142846538203467e-04
1.003142846538203467e-04
3.009428539614610130e-04
1.003142846538203467e-04
2.006285693076406934e-04
0.000000000000000000e+00
1.003142846538203467e-04
2.006285693076406934e-04
0.000000000000000000e+00
0.000000000000000000e+00
0.000000000000000000e+00
0.000000000000000000e+00
0.000000000000000000e+00
1.003142846538203467e-04
2.006285693076406934e-04
0.000000000000000000e+00
0.000000000000000000e+00
0.000000000000000000e+00
0.000000000000000000e+00
1.003142846538203467e-04
0.000000000000000000e+00
0.000000000000000000e+00
0.000000000000000000e+00
0.000000000000000000e+00
0.000000000000000000e+00
0.000000000000000000e+00
0.000000000000000000e+00
0.000000000000000000e+00
0.000000000000000000e+00
0.000000000000000000e+00
0.000000000000000000e+00
0.000000000000000000e+00
0.000000000000000000e+00
0.000000000000000000e+00
0.000000000000000000e+00
0.000000000000000000e+00
0.000000000000000000e+00
0.000000000000000000e+00
0.000000000000000000e+00
0.000000000000000000e+00
0.000000000000000000e+00
0.000000000000000000e+00
0.000000000000000000e+00
0.000000000000000000e+00
0.000000000000000000e+00
0.000000000000000000e+00
0.000000000000000000e+00
0.000000000000000000e+00
0.000000000000000000e+00
0.000000000000000000e+00
0.000000000000000000e+00
0.000000000000000000e+00
0.000000000000000000e+00
0.000000000000000000e+00
0.000000000000000000e+00
0.000000000000000000e+00
0.000000000000000000e+00
0.000000000000000000e+00
0.000000000000000000e+00
0.000000000000000000e+00
0.000000000000000000e+00
0.000000000000000000e+00
0.000000000000000000e+00
0.000000000000000000e+00
0.000000000000000000e+00
0.000000000000000000e+00
0.000000000000000000e+00
0.000000000000000000e+00
0.000000000000000000e+00
0.000000000000000000e+00
0.000000000000000000e+00
0.000000000000000000e+00
0.000000000000000000e+00
0.000000000000000000e+00
0.000000000000000000e+00
0.000000000000000000e+00
0.000000000000000000e+00
0.000000000000000000e+00
0.000000000000000000e+00
0.000000000000000000e+00
0.000000000000000000e+00
0.000000000000000000e+00
0.000000000000000000e+00
0.000000000000000000e+00
0.000000000000000000e+00
0.000000000000000000e+00
0.000000000000000000e+00
0.000000000000000000e+00
0.000000000000000000e+00
0.000000000000000000e+00
0.000000000000000000e+00
0.000000000000000000e+00
0.000000000000000000e+00
0.000000000000000000e+00
0.000000000000000000e+00
0.000000000000000000e+00
0.000000000000000000e+00
0.000000000000000000e+00
0.000000000000000000e+00
0.000000000000000000e+00
0.000000000000000000e+00
0.000000000000000000e+00
0.000000000000000000e+00
0.000000000000000000e+00
0.000000000000000000e+00
0.000000000000000000e+00
0.000000000000000000e+00
0.000000000000000000e+00
0.000000000000000000e+00
0.000000000000000000e+00
0.000000000000000000e+00
0.000000000000000000e+00
0.000000000000000000e+00
0.000000000000000000e+00
0.000000000000000000e+00
0.000000000000000000e+00
0.000000000000000000e+00
0.000000000000000000e+00
0.000000000000000000e+00
