2.908230291725581729e-02
3.058655996470008298e-02
3.459791209121812483e-02
3.750614238294371072e-02
3.810784520192141145e-02
4.342288676955782106e-02
5.104445580994210196e-02
5.395268610166768786e-02
5.615892977125260671e-02
6.347964740214803725e-02
6.849383756029558956e-02
6.809270234764379370e-02
7.962533971138316402e-02
8.544180029483432193e-02
8.975400383084122802e-02
1.035931686673284696e-01
1.044957228957950346e-01
1.057994123369133954e-01
1.228476588746150872e-01
1.207416990081931069e-01
1.358845532857987370e-01
1.430047033103682419e-01
1.544370568709446667e-01
1.652677076125433908e-01
1.755969393383273458e-01
1.929460372855179018e-01
2.009687415385539855e-01
2.081891753662864497e-01
2.265411113451065162e-01
2.394777219531271928e-01
2.512109269231924680e-01
2.691617276893606969e-01
2.742762016506712364e-01
2.943329622832614456e-01
3.126848982620815121e-01
3.367530110211897632e-01
3.412657821635225464e-01
3.600188533549943948e-01
3.933130760050941865e-01
3.876971830279689057e-01
4.154757965041063761e-01
4.563915881945904141e-01
4.620074811717156948e-01
4.863764453403127686e-01
5.060320707602512513e-01
5.150576130449168177e-01
5.409308342609582265e-01
5.735230702889172472e-01
6.083215499864612630e-01
6.195533359407118246e-01
6.419166240460498774e-01
6.680906966715801643e-01
6.823309967207191740e-01
7.046942848260573378e-01
7.538333483759033227e-01
7.404956025552308363e-01
7.788040153634782081e-01
8.246337134089467558e-01
8.435873522067445229e-01
8.384728782454340390e-01
8.950329432293384624e-01
9.091729594753146237e-01
9.176970827441653933e-01
9.382552623925703994e-01
9.606185504979084522e-01
9.971218548492226663e-01
1.028209833829737629e+00
1.026404725372804361e+00
1.050974257147727409e+00
1.080658262883960941e+00
1.109339430588564879e+00
1.105628929871535826e+00
1.130098177843295915e+00
1.140327125765916882e+00
1.133106691938184252e+00
1.172718794187550095e+00
1.179838944212119545e+00
1.202703651333272505e+00
1.205411314018672186e+00
1.232387657069506037e+00
1.232187089463180119e+00
1.234995035951742759e+00
1.238304401456119974e+00
1.248332781772415245e+00
1.253346971930562770e+00
1.240109509913053243e+00
1.272902313547338071e+00
1.259965702939317422e+00
1.249636471213533495e+00
1.260366838151969260e+00
1.250639309245163089e+00
1.243920294433245255e+00
1.270996921287242065e+00
1.231886238053691240e+00
1.227674318320847169e+00
1.215239126728641317e+00
1.209121814735701239e+00
1.190168175937903472e+00
1.200798259073176277e+00
1.165498360359817465e+00
1.160785021611158818e+00
1.159180480760551690e+00
1.120972351755467278e+00
1.109339430588564879e+00
1.100414172107062383e+00
1.058495542384948696e+00
1.052879649407823415e+00
1.031017780318300048e+00
1.002035761204207232e+00
1.004242004873792116e+00
9.674378491129891344e-01
9.494870483468209610e-01
9.289288686984159549e-01
8.827983192434584181e-01
8.593319093033279232e-01
8.409799733245078013e-01
8.286450655354647976e-01
8.035741147447270638e-01
7.946488562632244568e-01
7.443063870754229594e-01
7.244501940491586689e-01
7.068002446924792626e-01
6.889497277294739375e-01
6.560566402920260387e-01
6.269743373747702631e-01
6.113300640813498221e-01
5.965883450163960156e-01
5.726205160604507238e-01
5.432373617337060701e-01
5.254871285738637043e-01
5.126508017690060148e-01
4.809611199695134065e-01
4.576952776357087749e-01
4.371370979873038243e-01
4.224956627255129216e-01
3.930122245956053084e-01
3.854909393583839661e-01
3.720529097345485203e-01
3.514947300861435697e-01
3.415666335730114245e-01
3.111806412146372325e-01
2.901210425504174850e-01
2.855079876049217424e-01
2.734739312253676169e-01
2.519129135453331281e-01
2.334606937633501300e-01
2.272430979672471762e-01
2.038769718302795575e-01
1.968571056088729843e-01
1.865278738830890293e-01
1.735912632750683249e-01
1.676745188884542215e-01
1.541362054614558164e-01
1.456120821926049913e-01
1.365865399079393971e-01
1.363859723016134784e-01
1.255553215600147543e-01
1.050974257147727353e-01
1.081059398096612806e-01
1.012866411945805983e-01
8.895173340553762242e-02
9.125826087828549371e-02
7.822136646710184382e-02
7.190348686783593068e-02
6.879468896978445380e-02
6.508418825275526232e-02
6.197539035470377156e-02
5.204729384157161243e-02
5.074360440045325160e-02
4.793565791189061814e-02
4.282118395058011340e-02
3.670387195764009819e-02
3.519961491019583250e-02
3.219110081530730111e-02
2.918258672041876625e-02
2.757804586981154812e-02
2.396782895594530907e-02
2.266413951482694478e-02
1.905392260096070572e-02
1.654682752188692957e-02
1.734909794719053863e-02
1.724881414402758620e-02
1.634625991556102817e-02
1.343802962383544575e-02
1.263575919853183668e-02
1.063008313527281576e-02
1.042951552894691263e-02
9.526961300480352862e-03
8.122988056199037868e-03
8.624407072013793099e-03
7.421001434058380371e-03
7.120150024569527406e-03
6.117311992940016076e-03
5.114473961310505613e-03
5.014190158147554047e-03
4.412487339169848116e-03
3.710500717029190185e-03
3.710500717029190185e-03
3.008514094888532688e-03
2.607378882236728156e-03
2.908230291725581555e-03
2.005676063259021792e-03
2.406811275910826324e-03
1.604540850607217477e-03
2.005676063259021792e-03
1.704824653770168610e-03
5.014190158147554480e-04
1.504257047444266344e-03
1.604540850607217477e-03
4.011352126518043693e-04
5.014190158147554480e-04
6.017028189777065810e-04
5.014190158147554480e-04
2.005676063259021846e-04
4.011352126518043693e-04
7.019866221406576056e-04
3.008514094888532905e-04
2.005676063259021846e-04
4.011352126518043693e-04
0.000000000000000000e+00
0.000000000000000000e+00
1.002838031629510923e-04
1.002838031629510923e-04
2.005676063259021846e-04
1.002838031629510923e-04
0.000000000000000000e+00
1.002838031629510923e-04
0.000000000000000000e+00
1.002838031629510923e-04
0.000000000000000000e+00
0.000000000000000000e+00
0.000000000000000000e+00
1.002838031629510923e-04
0.000000000000000000e+00
2.005676063259021846e-04
0.000000000000000000e+00
0.000000000000000000e+00
0.000000000000000000e+00
0.000000000000000000e+00
0.000000000000000000e+00
0.000000000000000000e+00
0.000000000000000000e+00
0.000000000000000000e+00
0.000000000000000000e+00
1.002838031629510923e-04
0.000000000000000000e+00
0.000000000000000000e+00
1.002838031629510923e-04
0.000000000000000000e+00
0.000000000000000000e+00
0.000000000000000000e+00
0.000000000000000000e+00
0.000000000000000000e+00
0.000000000000000000e+00
0.000000000000000000e+00
0.000000000000000000e+00
0.000000000000000000e+00
0.000000000000000000e+00
0.000000000000000000e+00
0.000000000000000000e+00
0.000000000000000000e+00
0.000000000000000000e+00
0.000000000000000000e+00
0.000000000000000000e+00
0.000000000000000000e+00
0.000000000000000000e+00
0.000000000000000000e+00
0.000000000000000000e+00
0.000000000000000000e+00
0.000000000000000000e+00
0.000000000000000000e+00
0.000000000000000000e+00
0.000000000000000000e+00
0.000000000000000000e+00
0.000000000000000000e+00
0.000000000000000000e+00
0.000000000000000000e+00
0.000000000000000000e+00
0.000000000000000000e+00
0.000000000000000000e+00
0.000000000000000000e+00
0.000000000000000000e+00
0.000000000000000000e+00
0.000000000000000000e+00
0.000000000000000000e+00
0.000000000000000000e+00
0.000000000000000000e+00
0.000000000000000000e+00
0.000000000000000000e+00
0.000000000000000000e+00
0.000000000000000000e+00
0.000000000000000000e+00
0.000000000000000000e+00
0.000000000000000000e+00
0.000000000000000000e+00
0.000000000000000000e+00
0.000000000000000000e+00
0.000000000000000000e+00
0.000000000000000000e+00
0.000000000000000000e+00
0.000000000000000000e+00
0.000000000000000000e+00
0.000000000000000000e+00
0.000000000000000000e+00
0.000000000000000000e+00
0.000000000000000000e+00
0.000000000000000000e+00
0.000000000000000000e+00
0.000000000000000000e+00
0.000000000000000000e+00
0.000000000000000000e+00
0.000000000000000000e+00
0.000000000000000000e+00
0.000000000000000000e+00
0.000000000000000000e+00
0.000000000000000000e+00
0.000000000000000000e+00
0.000000000000000000e+00
0.000000000000000000e+00
0.000000000000000000e+00
0.000000000000000000e+00
0.000000000000000000e+00
0.000000000000000000e+00
0.000000000000000000e+00
0.000000000000000000e+00
0.000000000000000000e+00
0.000000000000000000e+00
0.000000000000000000e+00
0.000000000000000000e+00
0.000000000000000000e+00
0.000000000000000000e+00
0.000000000000000000e+00
0.000000000000000000e+00
0.000000000000000000e+00
0.000000000000000000e+00
0.000000000000000000e+00
0.000000000000000000e+00
0.000000000000000000e+00
0.000000000000000000e+00
0.000000000000000000e+00
