0.000000000000000000e+00
0.000000000000000000e+00
0.000000000000000000e+00
0.000000000000000000e+00
9.999999999999989637e-05
0.000000000000000000e+00
9.999999999999989637e-05
0.000000000000000000e+00
2.999999999999996485e-04
9.999999999999989637e-05
0.000000000000000000e+00
9.999999999999989637e-05
9.999999999999989637e-05
0.000000000000000000e+00
9.999999999999989637e-05
1.999999999999997927e-04
9.999999999999989637e-05
0.000000000000000000e+00
1.999999999999997927e-04
1.999999999999997927e-04
0.000000000000000000e+00
4.999999999999994683e-04
1.999999999999997927e-04
3.999999999999995855e-04
1.999999999999997927e-04
4.999999999999994683e-04
3.999999999999995855e-04
7.999999999999991710e-04
7.999999999999991710e-04
8.999999999999989996e-04
3.999999999999995855e-04
1.099999999999998765e-03
1.199999999999998594e-03
6.999999999999992339e-04
1.599999999999998342e-03
1.099999999999998765e-03
1.499999999999998297e-03
2.599999999999997279e-03
3.699999999999995827e-03
3.199999999999996684e-03
3.499999999999996170e-03
5.799999999999993529e-03
5.199999999999994557e-03
6.099999999999993448e-03
4.599999999999994718e-03
4.899999999999994638e-03
7.499999999999991916e-03
7.199999999999991997e-03
8.799999999999990122e-03
1.019999999999998859e-02
1.029999999999998798e-02
1.259999999999998621e-02
1.489999999999998444e-02
1.679999999999998161e-02
1.619999999999998178e-02
2.119999999999997581e-02
2.369999999999997456e-02
2.419999999999997500e-02
2.779999999999997057e-02
2.959999999999996662e-02
3.359999999999996323e-02
3.559999999999995807e-02
3.969999999999995755e-02
4.439999999999995339e-02
4.499999999999994976e-02
5.279999999999994420e-02
6.079999999999993049e-02
6.549999999999993328e-02
7.069999999999992957e-02
7.669999999999992102e-02
8.219999999999991203e-02
9.339999999999989977e-02
1.019999999999998824e-01
1.017999999999998906e-01
1.129999999999998783e-01
1.203999999999998682e-01
1.313999999999998503e-01
1.477999999999998482e-01
1.580999999999998240e-01
1.688999999999998280e-01
1.734999999999998210e-01
1.904999999999997806e-01
2.116999999999997772e-01
2.182999999999997720e-01
2.325999999999997514e-01
2.509999999999997233e-01
2.613999999999996882e-01
2.867999999999996663e-01
2.957999999999996743e-01
3.214999999999996749e-01
3.395999999999996244e-01
3.726999999999995872e-01
3.716999999999995863e-01
4.066999999999995619e-01
4.203999999999995518e-01
4.415999999999994929e-01
4.735999999999994658e-01
4.999999999999994449e-01
5.396999999999994024e-01
5.465999999999994197e-01
5.590999999999993753e-01
6.126999999999993562e-01
6.270999999999993246e-01
6.448999999999992516e-01
6.803999999999992276e-01
6.965999999999992198e-01
7.378999999999992232e-01
7.594999999999991758e-01
7.899999999999991473e-01
8.335999999999991195e-01
8.603999999999990544e-01
8.661999999999990818e-01
8.980999999999990102e-01
9.196999999999989628e-01
9.727999999999988878e-01
9.927999999999989056e-01
1.012799999999998812e+00
1.052699999999998859e+00
1.064999999999998836e+00
1.095799999999998775e+00
1.120199999999998752e+00
1.136399999999998744e+00
1.156199999999998784e+00
1.179399999999998672e+00
1.203499999999998682e+00
1.221099999999998742e+00
1.252299999999998636e+00
1.246799999999998576e+00
1.286999999999998590e+00
1.273099999999998566e+00
1.303099999999998593e+00
1.311699999999998534e+00
1.307099999999998596e+00
1.320199999999998486e+00
1.364799999999998459e+00
1.370199999999998530e+00
1.343099999999998628e+00
1.352099999999998525e+00
1.350499999999998479e+00
1.360799999999998455e+00
1.361399999999998611e+00
1.356899999999998441e+00
1.339999999999998526e+00
1.337599999999998568e+00
1.335999999999998522e+00
1.322599999999998666e+00
1.304199999999998472e+00
1.314599999999998658e+00
1.287999999999998701e+00
1.288799999999998613e+00
1.265299999999998537e+00
1.225199999999998735e+00
1.228799999999998560e+00
1.219199999999998729e+00
1.181699999999998640e+00
1.161099999999998689e+00
1.144899999999998697e+00
1.108299999999998731e+00
1.096199999999998731e+00
1.077599999999998781e+00
1.035099999999998799e+00
1.016399999999998860e+00
9.864999999999989333e-01
9.583999999999989194e-01
9.501999999999989344e-01
9.178999999999990500e-01
8.863999999999990775e-01
8.404999999999991367e-01
8.306999999999991058e-01
7.779999999999991367e-01
7.630999999999991124e-01
7.370999999999992003e-01
7.079999999999991855e-01
6.899999999999992806e-01
6.633999999999993236e-01
6.227999999999993541e-01
6.072999999999992848e-01
5.865999999999993442e-01
5.591999999999993642e-01
5.314999999999994174e-01
5.020999999999994357e-01
4.749999999999994782e-01
4.514999999999995128e-01
4.356999999999995321e-01
4.200999999999995294e-01
4.050999999999995715e-01
3.797999999999995824e-01
3.605999999999995875e-01
3.354999999999996319e-01
3.113999999999996771e-01
2.984999999999996545e-01
2.787999999999997147e-01
2.689999999999996838e-01
2.490999999999997383e-01
2.348999999999997479e-01
2.176999999999997548e-01
2.059999999999997666e-01
1.864999999999998048e-01
1.851999999999998092e-01
1.707999999999998131e-01
1.585999999999998245e-01
1.407999999999998419e-01
1.342999999999998639e-01
1.231999999999998652e-01
1.198999999999998678e-01
1.134999999999998788e-01
9.949999999999989408e-02
9.379999999999989735e-02
8.519999999999990081e-02
7.929999999999991223e-02
7.899999999999991751e-02
7.019999999999992912e-02
5.629999999999994037e-02
6.039999999999993291e-02
4.929999999999994803e-02
5.139999999999994573e-02
4.459999999999995218e-02
3.929999999999995997e-02
3.649999999999996303e-02
3.149999999999996553e-02
2.869999999999996859e-02
2.589999999999997166e-02
2.829999999999996754e-02
1.969999999999997795e-02
2.209999999999997730e-02
1.789999999999998190e-02
1.639999999999998057e-02
1.549999999999998254e-02
1.389999999999998528e-02
1.389999999999998528e-02
1.079999999999998843e-02
9.699999999999989880e-03
1.119999999999998774e-02
8.299999999999991412e-03
7.499999999999991916e-03
6.699999999999992420e-03
5.199999999999994557e-03
6.699999999999992420e-03
4.999999999999994900e-03
4.499999999999995323e-03
2.999999999999996593e-03
4.199999999999995404e-03
3.699999999999995827e-03
3.199999999999996684e-03
2.299999999999997359e-03
2.599999999999997279e-03
2.799999999999996936e-03
8.999999999999989996e-04
1.399999999999998468e-03
9.999999999999989366e-04
1.599999999999998342e-03
7.999999999999991710e-04
1.099999999999998765e-03
1.199999999999998594e-03
2.999999999999996485e-04
9.999999999999989637e-05
3.999999999999995855e-04
2.999999999999996485e-04
9.999999999999989637e-05
9.999999999999989637e-05
1.999999999999997927e-04
2.999999999999996485e-04
1.999999999999997927e-04
1.999999999999997927e-04
0.000000000000000000e+00
9.999999999999989637e-05
2.999999999999996485e-04
2.999999999999996485e-04
0.000000000000000000e+00
9.999999999999989637e-05
0.000000000000000000e+00
9.999999999999989637e-05
0.000000000000000000e+00
9.999999999999989637e-05
0.000000000000000000e+00
0.000000000000000000e+00
0.000000000000000000e+00
0.000000000000000000e+00
0.000000000000000000e+00
0.000000000000000000e+00
0.000000000000000000e+00
0.000000000000000000e+00
0.000000000000000000e+00
0.000000000000000000e+00
0.000000000000000000e+00
0.000000000000000000e+00
0.000000000000000000e+00
0.000000000000000000e+00
0.000000000000000000e+00
0.000000000000000000e+00
0.000000000000000000e+00
0.000000000000000000e+00
0.000000000000000000e+00
0.000000000000000000e+00
0.000000000000000000e+00
0.000000000000000000e+00
0.000000000000000000e+00
0.000000000000000000e+00
0.000000000000000000e+00
0.000000000000000000e+00
0.000000000000000000e+00
0.000000000000000000e+00
0.000000000000000000e+00
0.000000000000000000e+00
0.000000000000000000e+00
0.000000000000000000e+00
0.000000000000000000e+00
0.000000000000000000e+00
0.000000000000000000e+00
0.000000000000000000e+00
0.000000000000000000e+00
0.000000000000000000e+00
0.000000000000000000e+00
0.000000000000000000e+00
0.000000000000000000e+00
0.000000000000000000e+00
0.000000000000000000e+00
0.000000000000000000e+00
0.000000000000000000e+00
0.000000000000000000e+00
0.000000000000000000e+00
0.000000000000000000e+00
0.000000000000000000e+00
0.000000000000000000e+00
0.000000000000000000e+00
0.000000000000000000e+00
0.000000000000000000e+00
0.000000000000000000e+00
0.000000000000000000e+00
0.000000000000000000e+00
0.000000000000000000e+00
0.000000000000000000e+00
0.000000000000000000e+00
0.000000000000000000e+00
0.000000000000000000e+00
0.000000000000000000e+00
0.000000000000000000e+00
0.000000000000000000e+00
0.000000000000000000e+00
0.000000000000000000e+00
