-2.833018293245685992e-01
-2.832545709715539317e-01
-2.831409067911095923e-01
-2.830300988580875532e-01
-2.830194577254300237e-01
-2.830280819224424982e-01
-2.829589268804834634e-01
-2.829339831724032028e-01
-2.828946926237913551e-01
-2.828753413335758360e-01
-2.828768133513641092e-01
-2.829407266781503449e-01
-2.830004368458246544e-01
-2.830356879751426136e-01
-2.830408138894502379e-01
-2.830947841139523358e-01
-2.831461848340452447e-01
-2.831857025115350202e-01
-2.832191071201300980e-01
-2.832337728918560282e-01
-2.832516509432858598e-01
-2.832559080961066234e-01
-2.833093408175161310e-01
-2.833285253900919565e-01
-2.834191575773805649e-01
-2.834600153615798868e-01
-2.835735877591135101e-01
-2.836969715303849227e-01
-2.837371964864601193e-01
-2.838306288391449494e-01
-2.838536038149985785e-01
-2.839342426971383504e-01
-2.839765455482818890e-01
-2.840090129990255341e-01
-2.840614587781986056e-01
-2.841725139239968945e-01
-2.842600354857082179e-01
-2.842789136728176569e-01
-2.843485396939738896e-01
-2.844531717076838606e-01
-2.845467013106537935e-01
-2.846159067942579113e-01
-2.846902779646670600e-01
-2.847514720379436537e-01
-2.848383012716128593e-01
-2.849398906871484782e-01
-2.850474990212128468e-01
-2.851390038105436342e-01
-2.852275327772555991e-01
-2.853220075317842164e-01
-2.853731981332032208e-01
-2.854304055659909189e-01
-2.854815399849288116e-01
-2.856200636799947623e-01
-2.856803210956668226e-01
-2.858202980630565881e-01
-2.859008147538694700e-01
-2.859727120015534418e-01
-2.860532840703934321e-01
-2.861499114068262739e-01
-2.862558374656262172e-01
-2.863010078061904440e-01
-2.863699792009623546e-01
-2.864444505278894160e-01
-2.865106256937863805e-01
-2.865781091067982622e-01
-2.866627597107427317e-01
-2.867306525996143884e-01
-2.868347985835893454e-01
-2.869075413867758217e-01
-2.870136104658442822e-01
-2.870804585773876205e-01
-2.871547359977698055e-01
-2.873000409349867335e-01
-2.873948530140639779e-01
-2.875032640946318940e-01
-2.876120299057625673e-01
-2.877254564778639057e-01
-2.878585420049208921e-01
-2.879757874221173797e-01
-2.880463330332916350e-01
-2.881656775121089753e-01
-2.882491465850821610e-01
-2.883715734936645458e-01
-2.884169316602252509e-01
-2.884797916670457929e-01
-2.885391733780249823e-01
-2.886551723611961995e-01
-2.887709449808785744e-01
-2.889546645736487673e-01
-2.890152220951199835e-01
-2.891336135200230917e-01
-2.891895153144687924e-01
-2.892788261932094929e-01
-2.893925243127803970e-01
-2.894592423509491641e-01
-2.895556312282259737e-01
-2.896208731174776951e-01
-2.897095727253507502e-01
-2.898659252927217600e-01
-2.899590195886000421e-01
-2.900745481583191787e-01
-2.901701730215738850e-01
-2.902665575627885741e-01
-2.903974095246401599e-01
-2.905252489899541879e-01
-2.906426990983615455e-01
-2.907201013300586001e-01
-2.908176515683543184e-01
-2.908812056875615948e-01
-2.909707522994712248e-01
-2.910442731161807517e-01
-2.911405884524862486e-01
-2.912425208632944962e-01
-2.912922231310736132e-01
-2.913877170325015475e-01
-2.914660321737523874e-01
-2.915323546535800170e-01
-2.916134702335602680e-01
-2.917327288646583971e-01
-2.918555205012365317e-01
-2.919644759766715225e-01
-2.920893360085430324e-01
-2.921863412383206571e-01
-2.922502434346392342e-01
-2.923335164629086158e-01
-2.924504934156289537e-01
-2.925840473615990422e-01
-2.926794855082077706e-01
-2.927480127577301583e-01
-2.928699879150793994e-01
-2.929761625454984086e-01
-2.930483983113547075e-01
-2.931259715331718252e-01
-2.931988385401423369e-01
-2.932881437947660874e-01
-2.934083688574371518e-01
-2.934700852527658554e-01
-2.935511752000543040e-01
-2.936309272459874387e-01
-2.937257800443285882e-01
-2.937758302547830436e-01
-2.938624062807087545e-01
-2.939667304347099996e-01
-2.940705297490532888e-01
-2.942423558138372308e-01
-2.943069347434018601e-01
-2.944104544376615618e-01
-2.944714824099505801e-01
-2.946231256568352941e-01
-2.946804622539865304e-01
-2.948031121845671176e-01
-2.949369487875687645e-01
-2.950163399023164046e-01
-2.951115571860380982e-01
-2.951671423017092066e-01
-2.952386328688767492e-01
-2.952836339610308558e-01
-2.953472493118420306e-01
-2.954260427209401962e-01
-2.955103943737717453e-01
-2.955118546574084237e-01
-2.956551160173255255e-01
-2.957444780447414656e-01
-2.958594604998935340e-01
-2.959816074796075003e-01
-2.960225251117901690e-01
-2.961276278992238664e-01
-2.961980235638960179e-01
-2.963165711646936762e-01
-2.963967831239521233e-01
-2.965070309354589928e-01
-2.965193089251613179e-01
-2.966367265618113924e-01
-2.967380012580933535e-01
-2.968046903713136286e-01
-2.969269258235374687e-01
-2.970650751947246926e-01
-2.971244239247759489e-01
-2.972144695427229588e-01
-2.972586986692493660e-01
-2.973433441610301431e-01
-2.974181555523024434e-01
-2.975401937758144211e-01
-2.976131212327382536e-01
-2.977147602955421135e-01
-2.977960529473985818e-01
-2.978675196091575272e-01
-2.980095353600144548e-01
-2.980771648231218540e-01
-2.982190421320222162e-01
-2.982862363161352115e-01
-2.983561270852737035e-01
-2.984307339019056093e-01
-2.984629426437888644e-01
-2.985596158796688937e-01
-2.986876174100737691e-01
-2.987972297566313107e-01
-2.987902653435407507e-01
-2.989708813343522342e-01
-2.990472023775923027e-01
-2.991227459195172633e-01
-2.992751291808823377e-01
-2.994005835748269617e-01
-2.994696679608845336e-01
-2.995400384593557841e-01
-2.996470639290606530e-01
-2.997349474751963005e-01
-2.998322615099812682e-01
-2.999379045613839723e-01
-2.999756430355248193e-01
-3.001136787585870214e-01
-3.001426596868739249e-01
-3.002717308719418665e-01
-3.003892881825810379e-01
-3.004551944581905776e-01
-3.005124527067355999e-01
-3.006136087582692018e-01
-3.006872746069992330e-01
-3.008103039427831304e-01
-3.008272842197355912e-01
-3.009619493168612658e-01
-3.010755363617125258e-01
-3.011359702411553485e-01
-3.012217775360409577e-01
-3.013236053072542164e-01
-3.014226114207373408e-01
-3.015325497858977188e-01
-3.016534555010025875e-01
-3.017057336344801666e-01
-3.018091488558815594e-01
-3.018514546618507044e-01
-3.018911000518680887e-01
-3.019278558389655864e-01
-3.020347682300619785e-01
-3.020910218061844121e-01
-3.022077759995034918e-01
-3.022992648233499002e-01
-3.024552694493965466e-01
-3.025837948634568231e-01
-3.027039125872379444e-01
-3.028417063733932491e-01
-3.028911142543205259e-01
-3.029488905065984561e-01
-3.030422425622930072e-01
-3.031511259265523006e-01
-3.032859706076578288e-01
-3.033823229965144086e-01
-3.034888091201056182e-01
-3.036266720052228085e-01
-3.037297165889191186e-01
-3.038424611919923191e-01
-3.038968596736895122e-01
-3.040093963123054466e-01
-3.041136419917560563e-01
-3.042308421005014418e-01
-3.043111728505192293e-01
-3.044098594233511368e-01
-3.045232552914984292e-01
-3.046211412718700107e-01
-3.046366973097416886e-01
-3.047728038053539867e-01
-3.048645243448723785e-01
-3.049625147582290530e-01
-3.050295144238195921e-01
-3.051921440335689795e-01
-3.052843182001312994e-01
-3.053801733758222947e-01
-3.054802962827958823e-01
-3.055772354168159177e-01
-3.057172344360420957e-01
-3.058761501521744530e-01
-3.059783739831910543e-01
-3.060387853569068728e-01
-3.061219112309472301e-01
-3.062172156807346224e-01
-3.062748398422181495e-01
-3.063648440181104271e-01
-3.064637044277483402e-01
-3.065138250180878265e-01
-3.066075798085202697e-01
-3.066421578852894791e-01
-3.067598960075547110e-01
-3.068702349083813341e-01
-3.069942873534661221e-01
-3.071066410348810005e-01
-3.071615250880607717e-01
-3.072101093210783396e-01
-3.073081160286234570e-01
-3.074379176421145332e-01
-3.075480732051533161e-01
-3.076339175497955214e-01
-3.077368503885016260e-01
-3.078495843708579649e-01
-3.079206301401481438e-01
-3.080224551839846336e-01
-3.081226685712890045e-01
-3.082314897638218643e-01
-3.083059608783115801e-01
-3.084049201819662467e-01
-3.085115115434760025e-01
-3.086137590849291068e-01
-3.086826119454295636e-01
-3.087562627356481015e-01
-3.088523084793432516e-01
-3.089908227582054412e-01
-3.091209082401794594e-01
-3.091528826682435338e-01
-3.092372843477328437e-01
-3.093567412057895982e-01
-3.093991737233580674e-01
-3.095098124777299065e-01
-3.095832511594947545e-01
-3.096776287294423780e-01
-3.098160981272005676e-01
-3.098958656959907576e-01
-3.099743898429013211e-01
-3.101098342401672481e-01
-3.102194726514627687e-01
-3.103200141282151381e-01
-3.104249369798275926e-01
-3.104750463535224658e-01
-3.105916301069058805e-01
-3.107040619985541041e-01
-3.108336732827464144e-01
-3.109042531671292742e-01
-3.109714061003082675e-01
-3.111220228005130983e-01
-3.112585049773392565e-01
-3.113813056786554623e-01
-3.114629195853953481e-01
-3.115777517296010046e-01
-3.116714852083225518e-01
-3.117214167686588322e-01
-3.117912032250990118e-01
-3.119035181812227497e-01
-3.119593679640363937e-01
-3.121211612641746624e-01
-3.122491785990804680e-01
-3.122812785595263652e-01
-3.123587672394531056e-01
-3.124766924243397304e-01
-3.125839413679238343e-01
-3.126168471075420063e-01
-3.127191187406970774e-01
-3.127896364829073628e-01
-3.128983242844642354e-01
-3.130275347876264602e-01
-3.131278005152556831e-01
-3.132444214523785186e-01
-3.133647632232812175e-01
-3.134646147442760600e-01
-3.135672371925298796e-01
-3.136464713059037845e-01
-3.137172723013719189e-01
-3.138326698567699413e-01
-3.139109495908972147e-01
-3.140207169144379473e-01
-3.141125666765962055e-01
-3.141528606871818452e-01
-3.142547831916236989e-01
-3.143744239332408874e-01
-3.144929357389871227e-01
-3.145454545822861103e-01
-3.146237904930014873e-01
-3.147206780694176698e-01
-3.147605129882255492e-01
-3.148414147244198991e-01
-3.149384515059871492e-01
-3.150403176595284460e-01
-3.151328028532870418e-01
-3.152142569160352736e-01
-3.152896086515045160e-01
-3.153927603883294739e-01
-3.154753931897819053e-01
-3.155835963917680842e-01
-3.157157755334387694e-01
-3.157981890944223657e-01
-3.158729753772412940e-01
-3.159714190579265281e-01
-3.160530954246530966e-01
-3.161496132727480979e-01
-3.162374578768286093e-01
-3.163288867803414894e-01
-3.164383980166098342e-01
-3.165484514246760805e-01
-3.166477066772097060e-01
-3.166849323603009303e-01
-3.167589932736539771e-01
-3.168788776216777126e-01
-3.169618402887792175e-01
-3.170572924690407968e-01
-3.171599433769569654e-01
-3.172386148243263593e-01
-3.173534447430934047e-01
-3.174335035957533413e-01
-3.174930100553922108e-01
-3.175932022009765876e-01
-3.176462027790423748e-01
-3.176862025054102978e-01
-3.177239499411423918e-01
-3.178397941423294903e-01
-3.178952283061974859e-01
-3.179699075371141270e-01
-3.180337053904134237e-01
-3.180935217901766920e-01
-3.181657380440960914e-01
-3.182152601470268349e-01
-3.183053808353644709e-01
-3.183875333268791907e-01
-3.185155121079304985e-01
-3.185836456863423427e-01
-3.187178209213327174e-01
-3.187574053017774856e-01
-3.188375402235310019e-01
-3.188783026370106133e-01
-3.189503698270368948e-01
-3.189862135980603974e-01
-3.190376152242533347e-01
-3.190916743333499506e-01
-3.191948241500201511e-01
-3.193077315385030035e-01
-3.194266902048678580e-01
-3.195760908390453126e-01
-3.196900743158450076e-01
-3.198324265401959465e-01
-3.199615991075296928e-01
-3.200852157595115988e-01
-3.201835698021681109e-01
-3.203244013844825933e-01
-3.204395914808111923e-01
-3.204575764334970933e-01
-3.206096633466474777e-01
-3.207334801829687110e-01
-3.208433421118679907e-01
-3.209657031765553725e-01
-3.210273351385634077e-01
-3.211622928113603836e-01
-3.212449603637086426e-01
-3.213444123697589694e-01
-3.214635626153147796e-01
-3.215090438234690651e-01
-3.216056525837498459e-01
-3.216869525130715557e-01
-3.217401688722673070e-01
-3.218315601045877439e-01
-3.219189179737226847e-01
-3.219920748086358420e-01
-3.220659248044741574e-01
-3.221865580053807077e-01
-3.222605577091325335e-01
-3.223212366244387894e-01
-3.224189475508532632e-01
-3.225375435853201078e-01
-3.226530526464910786e-01
-3.227681744335378355e-01
-3.228154688838366648e-01
-3.229394226287728431e-01
-3.230738959128826582e-01
-3.231472240052580269e-01
-3.232211199010073255e-01
-3.233378303013584865e-01
-3.234505879444780074e-01
-3.235463828541643716e-01
-3.236483025068743746e-01
-3.237653738627372935e-01
-3.238563230808297333e-01
-3.239432147407353968e-01
-3.239643478843641233e-01
-3.240632581519617972e-01
-3.240952765808769453e-01
-3.242132148366051458e-01
-3.242795444384023451e-01
-3.243908000986353013e-01
-3.244990398720121738e-01
-3.245890279068781026e-01
-3.246967732437741061e-01
-3.247643131732320665e-01
-3.248368013528337150e-01
-3.249109112859206450e-01
-3.250213832848664608e-01
-3.251131420872848676e-01
-3.251523116638919686e-01
-3.252663326381665110e-01
-3.253871462634892464e-01
-3.255659886130664593e-01
-3.256292436834197224e-01
-3.256929255164655590e-01
-3.257798819319858152e-01
-3.258686075203210963e-01
-3.259779763935826136e-01
-3.260960045840785582e-01
-3.261891064252784300e-01
-3.262679398327629765e-01
-3.263902317409246856e-01
-3.264790440296032048e-01
-3.265135532172687705e-01
-3.266207878423111333e-01
-3.267877845924577751e-01
-3.268924455946979335e-01
-3.269824864819287358e-01
-3.270678181136074669e-01
-3.271076844864830857e-01
-3.271773188337731009e-01
-3.272551611237591862e-01
-3.273673182752976918e-01
-3.275198594688449316e-01
-3.276151683976817330e-01
-3.277016240130383729e-01
-3.277707741777109995e-01
-3.278682504452693491e-01
-3.280188909906724404e-01
-3.280668012088058805e-01
-3.281379846041876935e-01
-3.282562313682828026e-01
-3.283370352814356519e-01
-3.284661830640850377e-01
-3.285632228918831665e-01
-3.287011034438497847e-01
-3.288545680974799823e-01
-3.289024604470757729e-01
-3.289776364763429828e-01
-3.291154257942361383e-01
-3.292318760751650752e-01
-3.293421037279316010e-01
-3.294049242794693799e-01
-3.295195407023795986e-01
-3.296416640165226175e-01
-3.297049433881498737e-01
-3.298144902928326072e-01
-3.299476538552399973e-01
-3.300299756258958661e-01
-3.301328638560752649e-01
-3.302952505914956705e-01
-3.303577722812214845e-01
-3.303667779903207147e-01
-3.304582551604770546e-01
-3.304735177551526570e-01
-3.305517495946309614e-01
-3.305864294063762254e-01
-3.306892392265248226e-01
-3.307828075340491503e-01
-3.309045743834436171e-01
-3.310064740877504685e-01
-3.310954183644859716e-01
-3.311650036652371565e-01
-3.312875304160741718e-01
-3.313545354557199119e-01
-3.314389481997015441e-01
-3.314825100071106534e-01
-3.315873924172792475e-01
-3.316521095387029994e-01
-3.316896032541396533e-01
-3.317588197125095340e-01
-3.318294654405991584e-01
-3.319149756831765719e-01
-3.320030886046747010e-01
-3.321049277952435874e-01
-3.322092015137482202e-01
-3.323015082812145748e-01
-3.323980087539182837e-01
-3.324757287100510439e-01
-3.326483854211813029e-01
-3.327662216770844728e-01
-3.328357333352944258e-01
-3.329044702791003618e-01
-3.330018231299703424e-01
-3.331273141578379726e-01
-3.332601512351900941e-01
-3.333824278734602853e-01
-3.335021518964782494e-01
-3.335704729776018951e-01
-3.336843651747942729e-01
-3.337737180317006946e-01
-3.339321958083485420e-01
-3.340532485073389179e-01
-3.341794875235266638e-01
-3.342661869630200178e-01
-3.343110978996173266e-01
-3.343521730057587571e-01
-3.344480200228975852e-01
-3.345139614154635233e-01
-3.345891484809916938e-01
-3.346792550410865319e-01
-3.347708869017387290e-01
-3.348612023928447812e-01
-3.349612102072988540e-01
-3.350350756457255441e-01
-3.351991715298364705e-01
-3.352429972557288695e-01
-3.353735932358748451e-01
-3.354614268329453863e-01
-3.355722751929750003e-01
-3.356790868158709418e-01
-3.357585190746101289e-01
-3.358569883658840127e-01
-3.359591254267107474e-01
-3.360379377353527319e-01
-3.361328556758630959e-01
-3.362078010832352803e-01
-3.363131631690723933e-01
-3.364231634545857275e-01
-3.365482302147356219e-01
-3.366482222747688158e-01
-3.367783057979997774e-01
-3.368519824935615747e-01
-3.369315320316931817e-01
-3.369792562919142753e-01
-3.371095603072231661e-01
-3.371987678740240857e-01
-3.373284685271761285e-01
-3.374148088249012689e-01
-3.375071826982146139e-01
-3.375769889927301426e-01
-3.377450739596827289e-01
-3.378932439329830895e-01
-3.380173564223787896e-01
-3.381616563131279452e-01
-3.383233697174423127e-01
-3.383997877946759991e-01
-3.385227127458358409e-01
-3.386244664165289353e-01
-3.387321650964454367e-01
-3.388551325840084560e-01
-3.389244997590039055e-01
-3.389878933361916702e-01
-3.390354790144507469e-01
-3.390954628474462385e-01
-3.392302244244355669e-01
-3.392971589888932882e-01
-3.393973175926591757e-01
-3.395183228592664193e-01
-3.396187192663902565e-01
-3.397554849040832492e-01
-3.398136233831524078e-01
-3.399236692503008750e-01
-3.400464641892774753e-01
-3.401242353704365118e-01
-3.402397852797228728e-01
-3.402790952272146674e-01
-3.404028118804223180e-01
-3.404821263477449955e-01
-3.405637873564791862e-01
-3.406487472198161948e-01
-3.407342059103587451e-01
-3.408345439379725783e-01
-3.409358055262933229e-01
-3.410037652764665306e-01
-3.410768554624930005e-01
-3.411934764009287302e-01
-3.412995769687203751e-01
-3.414475197239770776e-01
-3.415232466111575160e-01
-3.416592982075591367e-01
-3.417777080239276510e-01
-3.418936995158768921e-01
-3.419588442452188293e-01
-3.420843028788911888e-01
-3.421903848907894563e-01
-3.423120918330929685e-01
-3.424043709247143186e-01
-3.425083431798705558e-01
-3.426129669319859516e-01
-3.427093719658754201e-01
-3.428149451155030891e-01
-3.429368414296758427e-01
-3.429731333706466656e-01
-3.430756694604011336e-01
-3.431565338093770512e-01
-3.432902617777020549e-01
-3.434143220460105228e-01
-3.435050436587460676e-01
-3.435961426390703455e-01
-3.437297965277049672e-01
-3.437827626226147015e-01
-3.439524368684617750e-01
-3.441168541558803917e-01
-3.442815692387614090e-01
-3.444011937857393568e-01
-3.445354905130809664e-01
-3.446291001441106894e-01
-3.447043329968603187e-01
-3.447894932255125000e-01
-3.448958121634750906e-01
-3.449476952829684806e-01
-3.450050332876846704e-01
-3.451150451452593693e-01
-3.451799251563464899e-01
-3.452395114146917798e-01
-3.453447860054923435e-01
-3.453861526071410060e-01
-3.454553617942016652e-01
-3.455817478607521309e-01
-3.457118847511609361e-01
-3.458027016851272228e-01
-3.459548193657030479e-01
-3.460656312634540765e-01
-3.461945294788090766e-01
-3.463594066335834443e-01
-3.464584690849232818e-01
-3.465524138706898571e-01
-3.466447306340831869e-01
-3.467877379409517458e-01
-3.468974545956878819e-01
-3.469919917518871633e-01
-3.471227678662439087e-01
-3.471820431244544980e-01
-3.472569893374115035e-01
-3.473669994193931410e-01
-3.474557730039751213e-01
-3.475307076266982431e-01
-3.475840416733406713e-01
-3.476956834734524215e-01
-3.477545758842651713e-01
-3.478765816545792422e-01
-3.479390541330951714e-01
-3.480377390345238409e-01
-3.481772330035557417e-01
-3.483012585440963815e-01
-3.483819525382731985e-01
-3.484868847793944902e-01
-3.485865961994232265e-01
-3.486819875331293450e-01
-3.487891792248389855e-01
-3.489037174229027705e-01
-3.490100508003660673e-01
-3.490832020882306819e-01
-3.492893698024904237e-01
-3.493317212027223229e-01
-3.494383449221269977e-01
-3.496115757246286981e-01
-3.497475093104597255e-01
-3.498521012519110740e-01
-3.499884660716333640e-01
-3.501255499234176005e-01
-3.502073449401882921e-01
-3.503845336585510450e-01
-3.504776598325992087e-01
-3.505846969872000174e-01
-3.507963437065674817e-01
-3.509309938873496626e-01
-3.510792636966347802e-01
-3.512330780512352146e-01
-3.513281801279581340e-01
-3.514565812334089490e-01
-3.514975461848940941e-01
-3.515727349148968228e-01
-3.516535336785404642e-01
-3.517679857811478183e-01
-3.518923949092293002e-01
-3.519429686738586582e-01
-3.520697626402775615e-01
-3.521845336793983372e-01
-3.522793455315069711e-01
-3.524256835871384941e-01
-3.525721273821834090e-01
-3.527022787347365851e-01
-3.528320870993302827e-01
-3.529543994962245912e-01
-3.531110923481512454e-01
-3.532167061363343796e-01
-3.533232412325742477e-01
-3.534030776586249978e-01
-3.534763882750099340e-01
-3.536040250931538065e-01
-3.536623360681020456e-01
-3.537292512503533715e-01
-3.538043900149679954e-01
-3.539694009009162201e-01
-3.539927599573006178e-01
-3.540737881625609096e-01
-3.541067262489671075e-01
-3.542910288081990711e-01
-3.544199403489246558e-01
-3.545163155991034043e-01
-3.545752469751439762e-01
-3.546710470174306851e-01
-3.548021329712247041e-01
-3.549452869456593551e-01
-3.550427756000468227e-01
-3.551599733737119680e-01
-3.552580917187974086e-01
-3.553987004469323363e-01
-3.554828014615651899e-01
-3.555717843837847281e-01
-3.557284434604082723e-01
-3.558296522949313534e-01
-3.559479748511033548e-01
-3.560282239125007742e-01
-3.561676234044868772e-01
-3.562421424179088580e-01
-3.563438512348435783e-01
-3.564537559906338915e-01
-3.565551728043827029e-01
-3.566834503209488916e-01
-3.567696334049695883e-01
-3.568782514362108249e-01
-3.570448980620798407e-01
-3.572056770108294477e-01
-3.573218675132120437e-01
-3.574743490378181621e-01
-3.575680292132845661e-01
-3.577167930820713271e-01
-3.578102072949603807e-01
-3.578644486948405201e-01
-3.580030656625493024e-01
-3.581128341111056712e-01
-3.582258749869585701e-01
-3.583694756172935980e-01
-3.584588301949395706e-01
-3.585255542634350756e-01
-3.586712816168541873e-01
-3.586880551903480763e-01
-3.587998125721018061e-01
-3.588594516355874675e-01
-3.589718972731036906e-01
-3.590528787425177892e-01
-3.591251198443454196e-01
-3.591763894766480392e-01
-3.592987477837031873e-01
-3.594033255954314221e-01
-3.594807589720442342e-01
-3.595972867257132277e-01
-3.596870535732782370e-01
-3.598141731853091718e-01
-3.598538691695304381e-01
-3.599611651969357173e-01
-3.600637876382777325e-01
-3.601293270121772028e-01
-3.602448926191426093e-01
-3.603168172033008876e-01
-3.605058978777140877e-01
-3.606135654337600527e-01
-3.607726436549497095e-01
-3.608990503262406446e-01
-3.610215087151337765e-01
-3.611721939298519479e-01
-3.612741485122058505e-01
-3.613772039524419943e-01
-3.614991120185850892e-01
-3.616230871486013632e-01
-3.617442701051739040e-01
-3.618474932359819762e-01
-3.619658589631067347e-01
-3.620471429896046645e-01
-3.621239913493462526e-01
-3.621793843843847949e-01
-3.622956254507413432e-01
-3.623777582206250680e-01
-3.624598639481719786e-01
-3.625636345479994471e-01
-3.626490062974887518e-01
-3.627924193061449754e-01
-3.628596964425917504e-01
-3.629637267819585955e-01
-3.631151455190625432e-01
-3.632382712542215342e-01
-3.633989988536287519e-01
-3.635575566227129407e-01
-3.636622769478042860e-01
-3.637689966134357022e-01
-3.639011691395495629e-01
-3.640090160359060745e-01
-3.640977182259392264e-01
-3.641559650411050342e-01
-3.642566905978905090e-01
-3.643327795803952274e-01
-3.644686323193334632e-01
-3.645697849796930567e-01
-3.646376486799008942e-01
-3.647601339691652345e-01
-3.649436655866216128e-01
-3.650559747028717106e-01
-3.651757924593861948e-01
-3.653049849415022643e-01
-3.653777016155128621e-01
-3.654743553913389342e-01
-3.655905312906287397e-01
-3.657002342602347911e-01
-3.658329131143776558e-01
-3.659113839314601657e-01
-3.660004841971341571e-01
-3.660983148032901924e-01
-3.662084465198116590e-01
-3.662469028363691814e-01
-3.663290513976998897e-01
-3.664252045686978709e-01
-3.665244224709890419e-01
-3.665954431833436389e-01
-3.667292462383982543e-01
-3.668465242620776445e-01
-3.669505615886761163e-01
-3.670597857933083907e-01
-3.671336885863029087e-01
-3.672121469851605813e-01
-3.673338123811203948e-01
-3.674174168988922351e-01
-3.675323447410219768e-01
-3.676417463948934428e-01
-3.677466847235571490e-01
-3.678400227563344838e-01
-3.679997066551635165e-01
-3.680298295334281655e-01
-3.681069737174457734e-01
-3.682031487507221867e-01
-3.683182934302921541e-01
-3.684249338287523545e-01
-3.684845161559998639e-01
-3.685330797352319165e-01
-3.686283787160175573e-01
-3.687450525267946810e-01
-3.688390259438930063e-01
-3.689122677599372957e-01
-3.690498628248938817e-01
-3.691424994132743165e-01
-3.692284088236967299e-01
-3.693209516275491322e-01
-3.693918467007650808e-01
-3.695149186936710350e-01
-3.695523195577066211e-01
-3.696422540733571016e-01
-3.697687762593107608e-01
-3.698696646913505748e-01
-3.700518885575251882e-01
-3.701485702059381655e-01
-3.702528339121340384e-01
-3.703376048402493570e-01
-3.704886523943881071e-01
-3.705563168875292135e-01
-3.706886748623552941e-01
-3.707649704455229234e-01
-3.708653182792283065e-01
-3.709282486104241716e-01
-3.710633421433995327e-01
-3.711556680103432759e-01
-3.712314036814162721e-01
-3.713072849542203291e-01
-3.713738157828982978e-01
-3.715038829312717339e-01
-3.715959121476625215e-01
-3.717103287404995848e-01
-3.718422468316882057e-01
-3.719102610040075918e-01
-3.720015319951699984e-01
-3.721068982056001118e-01
-3.721697053647873843e-01
-3.723101655033723700e-01
-3.723819089946297511e-01
-3.724897682107617958e-01
-3.726138986909343642e-01
-3.726773831984520613e-01
-3.727746077654196522e-01
-3.729109951688064917e-01
-3.730092006390528514e-01
-3.731161216126097635e-01
-3.732288455538945726e-01
-3.733277265366398145e-01
-3.733857413953206583e-01
-3.734574520143180698e-01
-3.735380203633206775e-01
-3.736321600970269885e-01
-3.737292236198588857e-01
-3.738436796543005980e-01
-3.739393885993891886e-01
-3.740170822527730254e-01
-3.741218144665651724e-01
-3.742037305209623410e-01
-3.742369531620955425e-01
-3.743914193416727487e-01
-3.745030089581319888e-01
-3.745720132220656251e-01
-3.746343875596314654e-01
-3.747544181270566765e-01
-3.747895159109116414e-01
-3.749090299966578166e-01
-3.750270599643563130e-01
-3.751706342119033311e-01
-3.752812344559472990e-01
-3.753875628290935795e-01
-3.754396495084469931e-01
-3.755073918281325862e-01
-3.755793490857979311e-01
-3.756598908227256062e-01
-3.757333878079380796e-01
-3.758246258573540444e-01
-3.759994373940435675e-01
-3.761013041997386397e-01
-3.761797692915639924e-01
-3.762644362817793020e-01
-3.763781348583061237e-01
-3.764468966716434384e-01
-3.765015677050326248e-01
-3.766051538434241897e-01
-3.766688688033931198e-01
-3.767343484464539261e-01
-3.768304395542900198e-01
-3.769893183327650554e-01
-3.770595576219580303e-01
-3.771051670960109958e-01
-3.772081860963045208e-01
-3.773630165367947709e-01
-3.774989603257835613e-01
-3.776160602613045092e-01
-3.777366477417296031e-01
-3.778553391574962506e-01
-3.779516732932241552e-01
-3.780830961826344150e-01
-3.781861855532953065e-01
-3.782766178511396404e-01
-3.783584634258466139e-01
-3.784204141111737751e-01
-3.785006537874904819e-01
-3.785577990610241028e-01
-3.786632364980968002e-01
-3.787397436329568712e-01
-3.788709282926031596e-01
-3.789906536170556950e-01
-3.790827633782672401e-01
-3.792415069428551888e-01
-3.793241556371327317e-01
-3.794455737362696923e-01
-3.795610798895057703e-01
-3.796796343370067994e-01
-3.797960492719437697e-01
-3.799211334044552135e-01
-3.800482372621367677e-01
-3.801715683963863279e-01
-3.802119992282496086e-01
-3.802465544043671097e-01
-3.803419045612763671e-01
-3.804138661218271489e-01
-3.804731916934361302e-01
-3.805303433653354772e-01
-3.806080637536674582e-01
-3.807266775660659297e-01
-3.807987295319657517e-01
-3.809349672286765909e-01
-3.810402554813014930e-01
-3.811423703384013706e-01
-3.812312889472628252e-01
-3.813124613769516280e-01
-3.813879397702141794e-01
-3.815108027799646306e-01
-3.816900855380317981e-01
-3.817795107081656258e-01
-3.819012806781998393e-01
-3.819771862031731136e-01
-3.820625836838356659e-01
-3.821349506585421385e-01
-3.822205262882075738e-01
-3.823432994455575606e-01
-3.824528466604615318e-01
-3.825899681128763774e-01
-3.826651794360200198e-01
-3.827817068464808847e-01
-3.828989789394738330e-01
-3.830330490499859741e-01
-3.831509678123870555e-01
-3.832987024341791837e-01
-3.833829324218726020e-01
-3.834981895770043780e-01
-3.835769392194026128e-01
-3.836909455929408130e-01
-3.837768445153135755e-01
-3.838487026525946866e-01
-3.838896152497801029e-01
-3.838808697729764741e-01
-3.839783339841621457e-01
-3.841046623287257544e-01
-3.841975054165172043e-01
-3.842700049390117001e-01
-3.843493837450147055e-01
-3.844878549014448255e-01
-3.845864588353005153e-01
-3.846814138797216009e-01
-3.847740444564898832e-01
-3.849105123624950719e-01
-3.850446445299847142e-01
-3.851885364419841418e-01
-3.853282883958243366e-01
-3.854688592918078527e-01
-3.855527482726318622e-01
-3.856556900343461325e-01
-3.857100840020695198e-01
-3.857627397825907356e-01
-3.858363310696550919e-01
-3.859158342365796024e-01
-3.860128240127280175e-01
-3.861541874183115342e-01
-3.862202208602552589e-01
-3.863393600812519701e-01
-3.864537571019818762e-01
-3.865470901626248956e-01
-3.865795248068086831e-01
-3.867329409307453392e-01
-3.868390006602923648e-01
-3.869839193544418743e-01
-3.870730401738434190e-01
-3.871500907257769408e-01
-3.872047470415432846e-01
-3.873178216876101421e-01
-3.873991934571263673e-01
-3.875622749277682910e-01
-3.877366138672144191e-01
-3.878241295725645688e-01
-3.879949335218799145e-01
-3.881071893083551383e-01
-3.882196552210074314e-01
-3.883040952748508245e-01
-3.884143991625033099e-01
-3.884888312467613680e-01
-3.886214391541887858e-01
-3.887232027376650856e-01
-3.888434208274997306e-01
-3.889249114934406615e-01
-3.890638702862109222e-01
-3.891482642698454453e-01
-3.892748886139623665e-01
-3.893695786671522718e-01
-3.894924408487585032e-01
-3.895956822954366183e-01
-3.897499267459858530e-01
-3.898639862373735610e-01
-3.899979272772836070e-01
-3.901138297686261858e-01
-3.902631830206693686e-01
-3.903883861212719131e-01
-3.904920884975638939e-01
-3.905805517628650469e-01
-3.906622866838378449e-01
-3.907781038883484936e-01
-3.908856481981092812e-01
-3.910342544570924450e-01
-3.910957292807926700e-01
-3.911854297901984912e-01
-3.912848883097038155e-01
-3.913768705827737060e-01
-3.915378192668790835e-01
-3.916332405177369025e-01
-3.917430410195231194e-01
-3.918083582498080863e-01
-3.919487225609292191e-01
-3.921115887165532166e-01
-3.922102325623690322e-01
-3.922935475760718771e-01
-3.924176994023131915e-01
-3.924703750836999738e-01
-3.925776012628636180e-01
-3.926741813220130939e-01
-3.927896579861436255e-01
-3.928517153657473115e-01
-3.929303248582870500e-01
-3.930167584087083110e-01
-3.931385147893338705e-01
-3.932536135618240336e-01
-3.933573691511386139e-01
-3.934668496039085417e-01
-3.935980881614674076e-01
-3.937122142762902732e-01
-3.937843022879232158e-01
-3.938778079682659361e-01
-3.940349215852416154e-01
-3.941338534619186484e-01
-3.942587734497425833e-01
-3.942987002082122827e-01
-3.943999027858881568e-01
-3.945071440619732361e-01
-3.946614025199263187e-01
-3.947823013322287466e-01
-3.948442602138547142e-01
-3.949925922514412324e-01
-3.950879605958279028e-01
-3.951367820355081717e-01
-3.952621299256014464e-01
-3.954414667780117854e-01
-3.955015253088293714e-01
-3.956079093538903413e-01
-3.957649763043786795e-01
-3.958580308361077105e-01
-3.959430887900523000e-01
-3.960373263995154991e-01
-3.961052444371536696e-01
-3.962500900564377426e-01
-3.963140729197416889e-01
-3.964393836448084074e-01
-3.964921937860681478e-01
-3.966112137391805126e-01
-3.967497365631537654e-01
-3.968798081539631206e-01
-3.970019563811710284e-01
-3.971260872389560381e-01
-3.972228120461367418e-01
-3.972990643390088006e-01
-3.973631961049037820e-01
-3.974763222237385207e-01
-3.975136636700287163e-01
-3.975941658630401387e-01
-3.976914599489024815e-01
-3.977847437540004694e-01
-3.978855119516473970e-01
-3.979623115700044456e-01
-3.980627094346627648e-01
-3.982111088365937746e-01
-3.983781564322779745e-01
-3.984933264342324089e-01
-3.985958631769490612e-01
-3.986954993596553698e-01
-3.987821444914841917e-01
-3.989126299492916639e-01
-3.990668658011310432e-01
-3.991551638056372586e-01
-3.992645323217083875e-01
-3.994252872635387641e-01
-3.995218752200837553e-01
-3.996531598651771877e-01
-3.998082252247077140e-01
-3.998972661705953446e-01
-4.000070086457031548e-01
-4.001603914427458997e-01
-4.002685414658503360e-01
-4.004126582013167179e-01
-4.005553903200193555e-01
-4.006679793232431619e-01
-4.007755991160480979e-01
-4.008784845692203169e-01
-4.009814226270502213e-01
-4.011159811862240465e-01
-4.012285693607571813e-01
-4.013080093205022569e-01
-4.013879522279514278e-01
-4.014292715380983201e-01
-4.015628917366635409e-01
-4.016425219534383029e-01
-4.017708019193961255e-01
-4.018865869371436861e-01
-4.019657564781707881e-01
-4.020877088922351628e-01
-4.021824327856967085e-01
-4.023421592130868030e-01
-4.024440281795525487e-01
-4.025318389698722688e-01
-4.026008805496004150e-01
-4.026729316425332050e-01
-4.027831905383122968e-01
-4.028991366490637382e-01
-4.030218239307314376e-01
-4.031588266072059223e-01
-4.032826112041952293e-01
-4.033604163544051158e-01
-4.034443657905189551e-01
-4.035314965379184771e-01
-4.035884621374811743e-01
-4.037200682591888801e-01
-4.038160016985817835e-01
-4.039583778233161726e-01
-4.040563621410703798e-01
-4.042034079021536441e-01
-4.043067271448472222e-01
-4.044299945560320131e-01
-4.044740124963957517e-01
-4.045286323616492097e-01
-4.046559697297117397e-01
-4.047100575587772586e-01
-4.048084787275009200e-01
-4.048964151410732182e-01
-4.050181291326933053e-01
-4.051165991751644602e-01
-4.053024953733482261e-01
-4.053675938998881345e-01
-4.054997401888300601e-01
-4.056112789379528460e-01
-4.057398332774865835e-01
-4.057508723464486877e-01
-4.058644655057090378e-01
-4.059604247826960610e-01
-4.061158548669944746e-01
-4.062098451275227284e-01
-4.062681368174786978e-01
-4.063665153974076460e-01
-4.064670780770250347e-01
-4.065342143176852163e-01
-4.066695680704209281e-01
-4.067926624397433244e-01
-4.068799433265368193e-01
-4.069975258013730501e-01
-4.071339516008480319e-01
-4.073382998090429585e-01
-4.074647662599423237e-01
-4.075739747136078450e-01
-4.076810165933057450e-01
-4.077849394947054562e-01
-4.078680611275902756e-01
-4.080010872216606743e-01
-4.080986471346019218e-01
-4.082168602382209577e-01
-4.083737861142835435e-01
-4.085151809769467235e-01
-4.086369201759705860e-01
-4.087538030081745433e-01
-4.088507637290030305e-01
-4.089687175815787668e-01
-4.090565879580981279e-01
-4.091631772894446240e-01
-4.092161983413188930e-01
-4.093375274300574684e-01
-4.094084597987053264e-01
-4.095439171338127182e-01
-4.095977171132610395e-01
-4.096474348039393365e-01
-4.097721554981952896e-01
-4.098675451185153640e-01
-4.099419816058627597e-01
-4.100280948604919096e-01
-4.100783746956984110e-01
-4.101975672286135577e-01
-4.102644174121866105e-01
-4.104128109779557887e-01
-4.105280408489245247e-01
-4.106150681970481831e-01
-4.107046379139033809e-01
-4.107912114168983941e-01
-4.109288342852578935e-01
-4.110219271851812683e-01
-4.110946483946825158e-01
-4.112419385389083359e-01
-4.113348258937964408e-01
-4.114827249982437873e-01
-4.116352062167580872e-01
-4.117506704238372284e-01
-4.118222507856400538e-01
-4.118733335339251345e-01
-4.119648648189087603e-01
-4.120596234188234619e-01
-4.122121768528368979e-01
-4.122490847857288587e-01
-4.123171317837833194e-01
-4.124032640875377465e-01
-4.125328643888736546e-01
-4.126515054623559609e-01
-4.127565798080423121e-01
-4.129066751042978489e-01
-4.130071429631501090e-01
-4.131240806430434009e-01
-4.132012407416505995e-01
-4.133531822117170185e-01
-4.134568721763341448e-01
-4.136007610543654955e-01
-4.137207399141232256e-01
-4.137870833332993326e-01
-4.139136454029883061e-01
-4.139894892625939349e-01
-4.141244098356005043e-01
-4.142065421235877620e-01
-4.143079773928711185e-01
-4.144947750944270037e-01
-4.146126737119944505e-01
-4.147840359744695560e-01
-4.148329537611335494e-01
-4.149644630066900430e-01
-4.150375253325040426e-01
-4.151221311461810726e-01
-4.152457744330234624e-01
-4.153464599363234089e-01
-4.154131226041704039e-01
-4.155122024745999121e-01
-4.156463855528549356e-01
-4.157480432250618141e-01
-4.158589753016709856e-01
-4.159404208776196210e-01
-4.160213642909552645e-01
-4.161138009967724205e-01
-4.161875652396542780e-01
-4.162872836019145262e-01
-4.163935283446737468e-01
-4.165068646808114394e-01
-4.166211823804282233e-01
-4.167440463924380056e-01
-4.168626584609675390e-01
-4.169432812399770372e-01
-4.170418023518810968e-01
-4.172436045247872594e-01
-4.173699267593706241e-01
-4.174369614080133406e-01
-4.175383039512597927e-01
-4.176375190358510014e-01
-4.177750555439127544e-01
-4.179094951654829804e-01
-4.179574975662932457e-01
-4.180337205574664594e-01
-4.181417372633065566e-01
-4.182279510883333828e-01
-4.183249603245300374e-01
-4.184353924651178502e-01
-4.185639532669705454e-01
-4.186779821436463211e-01
-4.188168437630454544e-01
-4.189387143720240125e-01
-4.190444775919378029e-01
-4.191205147230360195e-01
-4.192558662904171674e-01
-4.193575865466874775e-01
-4.194099265212281602e-01
-4.194897043041282414e-01
-4.196414547094622360e-01
-4.197403629859136620e-01
-4.198752833597562129e-01
-4.199585058118134873e-01
-4.200877700097527256e-01
-4.202091785929307211e-01
-4.203328938037124707e-01
-4.204537176231645801e-01
-4.205487225505378790e-01
-4.206477389317518911e-01
-4.208038892259050034e-01
-4.208688847054117277e-01
-4.210149927137741832e-01
-4.211383638772188687e-01
-4.212977459513279621e-01
-4.214278679270756500e-01
-4.215543896094114396e-01
-4.216646689866127562e-01
-4.218180960815546277e-01
-4.219419754660472255e-01
-4.220152758042989283e-01
-4.221535380207000476e-01
-4.223248941819172098e-01
-4.224588343963108783e-01
-4.226182602803988386e-01
-4.227603178167604892e-01
-4.229649762315559891e-01
-4.230183264374540175e-01
-4.230734031784472715e-01
-4.231915090982217298e-01
-4.233095529925993694e-01
-4.234001139026214444e-01
-4.235442370371567122e-01
-4.236316957420749318e-01
-4.236853194695531233e-01
-4.237308397078300981e-01
-4.238377341093089168e-01
-4.239502265506651102e-01
-4.240527855813258085e-01
-4.241362989908052383e-01
-4.242254059819687284e-01
-4.243047912962403245e-01
-4.243694614510165608e-01
-4.245041123098655667e-01
-4.246429313136075856e-01
-4.247141642332910583e-01
-4.248407908636325780e-01
-4.249895723373615097e-01
-4.250907873903638778e-01
-4.252407844158113681e-01
-4.253950523004797479e-01
-4.254894758825883971e-01
-4.255731730836525561e-01
-4.256863525279708238e-01
-4.258018438025162333e-01
-4.259063678536302300e-01
-4.260001673420262258e-01
-4.261214208234798129e-01
-4.262087536674831756e-01
-4.263720829847019167e-01
-4.264899726883285558e-01
-4.265775428823986859e-01
-4.266566968915650460e-01
-4.267461341647436068e-01
-4.268354928362875222e-01
-4.269919238745900070e-01
-4.271528481990199411e-01
-4.272886521928593306e-01
-4.273948668955399599e-01
-4.275002229221167016e-01
-4.276401515228573369e-01
-4.277458663594718158e-01
-4.278239906515357016e-01
-4.279338425639322985e-01
-4.280687472471696453e-01
-4.281893731980222495e-01
-4.282864825762871530e-01
-4.284167308870077129e-01
-4.284987963648564380e-01
-4.286090951957434170e-01
-4.287212266332470767e-01
-4.288695568631104016e-01
-4.289777018418495791e-01
-4.290527941054368410e-01
-4.291878286404003373e-01
-4.292566825391576635e-01
-4.293734166250907647e-01
-4.294767366942679465e-01
-4.295731323914365185e-01
-4.296917622729237163e-01
-4.298286224481352447e-01
-4.299811309155778249e-01
-4.301053316953010186e-01
-4.301464431331801230e-01
-4.302793661463776842e-01
-4.303522949757966898e-01
-4.304510236832969627e-01
-4.305946793850762844e-01
-4.307160593431464402e-01
-4.308080436699293636e-01
-4.309648569314586952e-01
-4.310546016829097660e-01
-4.311345968807638873e-01
-4.312207607641419527e-01
-4.312741415538332568e-01
-4.313967656770125170e-01
-4.314841356816603857e-01
-4.315846949604518756e-01
-4.317207852776155930e-01
-4.318508512083210071e-01
-4.319168457009525119e-01
-4.320715011989093579e-01
-4.322256297328053165e-01
-4.323856475695424528e-01
-4.324766231281752527e-01
-4.326046540147032715e-01
-4.327628639254028076e-01
-4.328390079524903622e-01
-4.329976471515025183e-01
-4.331340391442017879e-01
-4.331718612369296895e-01
-4.333516214541271450e-01
-4.334340614682405390e-01
-4.335563680333268111e-01
-4.336963023651891347e-01
-4.338095879935262023e-01
-4.339037306727224208e-01
-4.339890950942504877e-01
-4.340747638255538221e-01
-4.341690706688044465e-01
-4.343006069370202726e-01
-4.344321160858888309e-01
-4.345458105614929400e-01
-4.346424076473971998e-01
-4.347502095773496666e-01
-4.348685804547537392e-01
-4.349707801036956645e-01
-4.351366058031411743e-01
-4.352037795618648452e-01
-4.352311195274597977e-01
-4.353492853383846839e-01
-4.354209782769102866e-01
-4.355192199818033738e-01
-4.356307699521899113e-01
-4.357352512767712627e-01
-4.358352759021549283e-01
-4.358609851081226005e-01
-4.359476079487340505e-01
-4.360790036884655274e-01
-4.361792338828301974e-01
-4.363008473159112888e-01
-4.364056407790810055e-01
-4.365489356857329417e-01
-4.366645124973407843e-01
-4.367146203821887229e-01
-4.368264497180798789e-01
-4.368907744420356121e-01
-4.369778413143631801e-01
-4.370588646440141112e-01
-4.371392779453502908e-01
-4.372330479525955438e-01
-4.373341496473114876e-01
-4.374379449424944943e-01
-4.375156874238683713e-01
-4.376683824882297569e-01
-4.377486104208161977e-01
-4.378133598159828499e-01
-4.379409751435902054e-01
-4.380743289882988445e-01
-4.381695085354219144e-01
-4.382653522225042897e-01
-4.383863021259875037e-01
-4.384715887709682569e-01
-4.385436180715436838e-01
-4.386534381792224213e-01
-4.387746722073442296e-01
-4.388832927831973763e-01
-4.390138824294618214e-01
-4.391015586017837924e-01
-4.391885896357944352e-01
-4.393205839215698627e-01
-4.394031211275025162e-01
-4.395055172929047682e-01
-4.395652259880013513e-01
-4.396023252041652007e-01
-4.397214475619951046e-01
-4.398529664558215035e-01
-4.399647457188699540e-01
-4.400510383668667647e-01
-4.401099763984746560e-01
-4.401463981197639153e-01
-4.402455627794665260e-01
-4.404357337518802762e-01
-4.405525663228803124e-01
-4.406566929459865278e-01
-4.407529303233279627e-01
-4.408720350705782054e-01
-4.409147956972212512e-01
-4.410137834940027202e-01
-4.411547357152065252e-01
-4.412912322101305018e-01
-4.414326404936309012e-01
-4.414905839361317197e-01
-4.416061020423566741e-01
-4.416950996583287603e-01
-4.418691632889163445e-01
-4.419839151073524652e-01
-4.421231422381645126e-01
-4.422310078609583139e-01
-4.423331284935856922e-01
-4.424344983432009770e-01
-4.425365627977138616e-01
-4.426316165856591378e-01
-4.427539741581579813e-01
-4.428790823533049759e-01
-4.429852064374435461e-01
-4.431031265042783551e-01
-4.432806195685042860e-01
-4.434067721282817232e-01
-4.435138658310321946e-01
-4.436334915221192832e-01
-4.437986550017868903e-01
-4.438843168181902943e-01
-4.439644354229131951e-01
-4.441124240139626145e-01
-4.442272709774947037e-01
-4.443538079000669550e-01
-4.445189562937563177e-01
-4.446110387514635720e-01
-4.447475992536150113e-01
-4.448749637879267360e-01
-4.449915381442801077e-01
-4.450543201078103750e-01
-4.451311360566415631e-01
-4.452207132744004925e-01
-4.452875091003775654e-01
-4.453662692993869965e-01
-4.454816878752295151e-01
-4.455617198901775100e-01
-4.456553810264872184e-01
-4.457292826454036794e-01
-4.457994253816688346e-01
-4.459584784485192133e-01
-4.460339671111724358e-01
-4.461185033500454367e-01
-4.462338933856422329e-01
-4.463741363622180103e-01
-4.464986018696303627e-01
-4.466081327796057043e-01
-4.467334188508743642e-01
-4.468528477281110134e-01
-4.469597403176490125e-01
-4.470948872725005185e-01
-4.472758681119010649e-01
-4.473411881916982136e-01
-4.474617728139054784e-01
-4.475744719397343752e-01
-4.476361614896395280e-01
-4.477207851298534158e-01
-4.478041602199569482e-01
-4.479300930491609267e-01
-4.480068552858036957e-01
-4.481536198920992309e-01
-4.482437182512680196e-01
-4.483661092480768495e-01
-4.484736951582846132e-01
-4.485726001582741040e-01
-4.487429388979801703e-01
-4.488515867435087237e-01
-4.489789106007400221e-01
-4.490673709273685921e-01
-4.491874654137655853e-01
-4.492956829874949487e-01
-4.493680105156382387e-01
-4.494665603885730776e-01
-4.495951627937637141e-01
-4.497021405428571761e-01
-4.498440535093875536e-01
-4.499508037111601966e-01
-4.500986722151455455e-01
-4.502655499945213968e-01
-4.504004661052423697e-01
-4.505279964137540172e-01
-4.506095252501044479e-01
-4.506885938600354025e-01
-4.508141562782248535e-01
-4.509695306502468637e-01
-4.510697821457754775e-01
-4.512202461765411066e-01
-4.513273421107663053e-01
-4.514544127613587254e-01
-4.515718748438339869e-01
-4.516305515093974043e-01
-4.517509776199085669e-01
-4.518372538409221040e-01
-4.519386623786825763e-01
-4.520427457095088641e-01
-4.521474297776225115e-01
-4.522748451070726095e-01
-4.523920858234932729e-01
-4.525159090214539437e-01
-4.526659779801682770e-01
-4.528431862261502738e-01
-4.529127576998718263e-01
-4.530458932813632433e-01
-4.531667905589477074e-01
-4.533102209619565004e-01
-4.534507032607464905e-01
-4.535412502922417377e-01
-4.536667977276537811e-01
-4.538159802242294760e-01
-4.539356518345922242e-01
-4.540272633980073080e-01
-4.541394312222434282e-01
-4.542732436237344462e-01
-4.543652933284901829e-01
-4.544846393636468029e-01
-4.546255275614042857e-01
-4.547244746324029530e-01
-4.548159438202559746e-01
-4.549247071903934625e-01
-4.549977586661647089e-01
-4.550799047633645178e-01
-4.552248900726141301e-01
-4.553494292715231095e-01
-4.554432252177517126e-01
-4.555445539841718738e-01
-4.556652259712771769e-01
-4.557369960940945153e-01
-4.557913245942852298e-01
-4.559331512062370639e-01
-4.560313620377758337e-01
-4.561866015393586937e-01
-4.563297837530957413e-01
-4.564237304777992721e-01
-4.566373574054006235e-01
-4.567109319067645945e-01
-4.568098049910860881e-01
-4.569211035971222357e-01
-4.570269409050409792e-01
-4.571452866268904680e-01
-4.572747402676582418e-01
-4.573991300749163380e-01
-4.574722545744022151e-01
-4.576381437884883274e-01
-4.577609538815305412e-01
-4.578764605559954570e-01
-4.580058928385289385e-01
-4.581887859184932132e-01
-4.582628283801923330e-01
-4.583880249962412057e-01
-4.584887607300413559e-01
-4.586260810316882264e-01
-4.587041743222053936e-01
-4.587604101582455352e-01
-4.588814265988510055e-01
-4.590504395573734575e-01
-4.591604156079659993e-01
-4.592426625977731325e-01
-4.593270521244762206e-01
-4.594381270583648980e-01
-4.594927630420417297e-01
-4.596629264512129276e-01
-4.597739837975015065e-01
-4.599238878828423305e-01
-4.599937355812842021e-01
-4.601666262922802786e-01
-4.602141318518490620e-01
-4.603210761067196843e-01
-4.604389997804543833e-01
-4.605616760641456642e-01
-4.606149244092180295e-01
-4.606946182320508232e-01
-4.607787832129589534e-01
-4.609268301190082018e-01
-4.610289818871682321e-01
-4.610934355896235681e-01
-4.612660741631531836e-01
-4.613924990333603815e-01
-4.614852671695969799e-01
-4.616285058950397868e-01
-4.617269605969500645e-01
-4.618585096981256410e-01
-4.620143281544082936e-01
-4.621374032873750703e-01
-4.622145357888753359e-01
-4.623064286633202791e-01
-4.624395477837638935e-01
-4.625525833956748434e-01
-4.626673344065510007e-01
-4.627971945586447644e-01
-4.629584321743299147e-01
-4.630726871921455601e-01
-4.632412276131158690e-01
-4.633780261919543397e-01
-4.634395266879360875e-01
-4.635874282672686753e-01
-4.636700377816021512e-01
-4.637639799813916830e-01
-4.638821710812385257e-01
-4.640157347145816291e-01
-4.641333725783496345e-01
-4.642503110643901865e-01
-4.643859870443303173e-01
-4.645156603941784090e-01
-4.645919425962179994e-01
-4.646488157695420340e-01
-4.647438650027704288e-01
-4.648946043479144641e-01
-4.650332415218629833e-01
-4.651296314463022052e-01
-4.652840122616675456e-01
-4.653758057922052216e-01
-4.654839751432690020e-01
-4.656178999040638811e-01
-4.657780721161495219e-01
-4.659062264929116903e-01
-4.660531741519139959e-01
-4.661915066853661860e-01
-4.662547279610534945e-01
-4.663786255715392515e-01
-4.664696164192419503e-01
-4.666027786427041635e-01
-4.667026623030226529e-01
-4.668549360513127300e-01
-4.670163736436732105e-01
-4.671145500960408592e-01
-4.671968811158860313e-01
-4.673425752965090774e-01
-4.674228071474749724e-01
-4.675041460374069202e-01
-4.676234443445151934e-01
-4.677345089053078775e-01
-4.678327350939269214e-01
-4.679258031270475127e-01
-4.680643671653307303e-01
-4.681604163517208983e-01
-4.682502811649415508e-01
-4.683397594760356220e-01
-4.685080403761182066e-01
-4.685888869939667245e-01
-4.687308371908147642e-01
-4.688218832237879830e-01
-4.689386523724936029e-01
-4.691066442163475125e-01
-4.691188106916770462e-01
-4.692717945037978011e-01
-4.693831366500093583e-01
-4.694970178107833458e-01
-4.696413993372555717e-01
-4.697684412133176779e-01
-4.698259996735716926e-01
-4.699848988033605846e-01
-4.700519547972140666e-01
-4.701459817578327871e-01
-4.702409184879097204e-01
-4.703454067573097364e-01
-4.704721143237448056e-01
-4.706124526615775849e-01
-4.707092619886017459e-01
-4.708192121837917465e-01
-4.709455233159226539e-01
-4.710861861795919148e-01
-4.712005490209445480e-01
-4.712971732732152419e-01
-4.713911737048642747e-01
-4.714289956359364875e-01
-4.715773206890369607e-01
-4.716922991862318448e-01
-4.718468476401789791e-01
-4.719568352119745680e-01
-4.720343360517817444e-01
-4.721399147071841385e-01
-4.722988952128467366e-01
-4.723909565967230328e-01
-4.724904311470735085e-01
-4.725884761086717178e-01
-4.726753600558348811e-01
-4.727653835621908329e-01
-4.728733719814857683e-01
-4.729752525901783078e-01
-4.730944750521042241e-01
-4.732033621404507229e-01
-4.732906060951870830e-01
-4.734372988260135973e-01
-4.735375846768036245e-01
-4.736437991220759924e-01
-4.737306694122134787e-01
-4.739034950530667811e-01
-4.740097512775037214e-01
-4.740878866844783768e-01
-4.742022593787822982e-01
-4.742800097345720167e-01
-4.744084441748309122e-01
-4.745619098754156329e-01
-4.746832582532491407e-01
-4.747575854394365802e-01
-4.748879339727548055e-01
-4.750056949421922470e-01
-4.750538017311650152e-01
-4.752274715961924967e-01
-4.752920868032467494e-01
-4.754009802183725153e-01
-4.755283282361866815e-01
-4.756602971563286264e-01
-4.757206745647265533e-01
-4.758598457485563871e-01
-4.759407967632962588e-01
-4.760882469120473748e-01
-4.761752698343663659e-01
-4.762446088706105973e-01
-4.763929814112440875e-01
-4.764922952364652464e-01
-4.765229513196855837e-01
-4.767060041704322959e-01
-4.767848074158921867e-01
-4.769809946949792323e-01
-4.771368987429752129e-01
-4.772560317799442453e-01
-4.773802882665952874e-01
-4.774631520549661445e-01
-4.775599452580027160e-01
-4.776256328630330006e-01
-4.777393073722737138e-01
-4.778858905982431016e-01
-4.780301880649492907e-01
-4.781232678598013042e-01
-4.782066418428112531e-01
-4.783145244641633931e-01
-4.784617026011244167e-01
-4.785487001656261175e-01
-4.786234101479011627e-01
-4.787282043425618583e-01
-4.788273708079631708e-01
-4.789609836593852199e-01
-4.790796105246272196e-01
-4.791977002946781750e-01
-4.793296652847385819e-01
-4.794022052690145586e-01
-4.794978821749049103e-01
-4.796111202008710994e-01
-4.797208940950705713e-01
-4.798141157044095162e-01
-4.799743877040905660e-01
-4.800812671540354293e-01
-4.801380020939008397e-01
-4.802340881374419501e-01
-4.803175306819726931e-01
-4.804297086012778717e-01
-4.805610639330178402e-01
-4.806812252958369558e-01
-4.807833853335674590e-01
-4.808082182507007474e-01
-4.808523473209554422e-01
-4.809598068564489570e-01
-4.810485891142629034e-01
-4.811793859858409239e-01
-4.812632942825789684e-01
-4.813978453372252386e-01
-4.815165529642174147e-01
-4.815571114228927585e-01
-4.816628363758526654e-01
-4.817622441717326898e-01
-4.818648570516540497e-01
-4.820185848666392325e-01
-4.821679730310823864e-01
-4.823357095077384082e-01
-4.823933584210569059e-01
-4.825313852766613398e-01
-4.826415594666612074e-01
-4.827888394306505959e-01
-4.829043476709062310e-01
-4.829715448764289043e-01
-4.831316868607564707e-01
-4.832971896299974035e-01
-4.834028348060056546e-01
-4.834992871846673923e-01
-4.836657212729744693e-01
-4.837808979635454532e-01
-4.839013000308752810e-01
-4.839920359740512712e-01
-4.841353453624596126e-01
-4.842278778251813964e-01
-4.843182448761000347e-01
-4.844239002882541056e-01
-4.844951459250422254e-01
-4.846088447963042278e-01
-4.847637971163372694e-01
-4.848921718002614512e-01
-4.849827358184182757e-01
-4.851142867509550261e-01
-4.851874811905593776e-01
-4.853034081681982803e-01
-4.854483767278786055e-01
-4.855737687291520888e-01
-4.856982855566343016e-01
-4.858278823522502732e-01
