-0.134842531762
-0.163234348517
-0.181134177489
-0.189040745962
-0.189184017737
-0.184127379218
-0.179763939582
-0.156908700469
-0.128255885134
-0.0824148820345
-0.0406670511752
0.0125656334877
0.055297850836
0.0970825666278
0.13288191262
0.150436932834
0.162854327998
0.165459304055
0.169044254049
0.153559702966
0.132456838499
0.119650040658
0.103558191535
0.0875656735085
0.0691532993563
0.0431792501589
0.0289912940135
0.0171850323042
0.00752317410917
-0.00213846250068
-0.0060000268087
-0.0146197408095
-0.0253043737679
-0.0284633633673
-0.027279023353
-0.0224969834737
-0.0190363806406
-0.0149207137396
0.00182631632314
0.00878139951853
0.0186714901047
0.0373009403518
0.0505711229366
0.0627336533666
0.0873878256678
0.104004237989
0.122456236414
0.135689250981
0.151125161883
0.162305760585
0.17050739211
0.167042681701
0.154684178728
0.130572018488
0.0951455980078
0.057898033045
0.0035990184067
-0.0441013929722
-0.0871608188079
-0.12219887065
-0.158007471111
-0.177780175448
-0.19258179073
-0.19278297329
-0.189984423585
-0.179578185117
-0.16158327848
-0.135155488492
#-----
0.041161758953
0.0372454592908
0.032708416756
0.0285132108301
0.0264579748436
0.0286484820862
0.0388598892408
0.045417687725
0.0552324800674
0.058107932731
0.0663647050946
0.0645599093015
0.0612585216405
0.0559223109341
0.0406239690427
0.0299981570414
0.0124817100459
-0.00301987254381
-0.0232948200723
-0.0322966456416
-0.0364459620442
-0.0468754350858
-0.0525759140706
-0.0553666832488
-0.0553073661617
-0.0490533964731
-0.0498392498541
-0.0493837476269
-0.0494101396259
-0.0483467625403
-0.0507686853799
-0.0483390204891
-0.0443143778883
-0.0436106644255
-0.0441631064021
-0.0463371309539
-0.045759421209
-0.0447303155253
-0.0507064445935
-0.0494177865887
-0.0486667380843
-0.0531193246212
-0.0535373680339
-0.0515140720508
-0.0534816888577
-0.0499068165481
-0.0453838525363
-0.0382316097402
-0.0287814784927
-0.0177078059999
-0.00544898609076
0.011453960673
0.0272867993591
0.0449729279861
0.0574667529961
0.0640669324379
0.0703248370397
0.0691686986815
0.0620344177936
0.0522776070874
0.0467005567694
0.0370924942932
0.0331348995017
0.0281090091266
0.0286041302971
0.0315445020253
0.036055151713
0.0412864360956
#-----
-0.0550724407718
-0.028456120743
-0.00502817915611
0.012758918943
0.0206927985082
0.0137641416829
-0.0165703920026
-0.0450646196909
-0.0864495243698
-0.116200158758
-0.160758163292
-0.182092913836
-0.195032242951
-0.201804702104
-0.177357436754
-0.157333362281
-0.114904735813
-0.0726296321876
-0.0166017905491
0.0162420109876
0.0372638617103
0.0733785380985
0.0976952703737
0.112918991279
0.121154403578
0.114830972633
0.123678049574
0.12764458715
0.132024242279
0.132820023201
0.14153836293
0.138021262683
0.131020460669
0.130268231395
0.13168633161
0.135669560174
0.132669216209
0.127685201044
0.137827476955
0.131024436905
0.12437206096
0.128948714393
0.124336561327
0.112589950515
0.107222976293
0.0888287325221
0.067192491411
0.0402445401042
0.0057913164201
-0.0308261161037
-0.0689151924031
-0.114347460503
-0.152081242813
-0.189417255152
-0.206199786486
-0.204731717917
-0.194790149294
-0.167456404859
-0.12546489284
-0.0802844490797
-0.0481638900388
-0.0120668289786
0.00469538784743
0.0177036619962
0.0130442252193
-0.00221524021797
-0.0256669993557
-0.0552639282781
#-----
#gmres residual:  2 0.518171478959
0.345900491852
0.246217608833
0.138664018133
0.0248479770752
-0.0792759578215
-0.152136205482
-0.145045552065
-0.175099728835
-0.152096331819
-0.172384816281
-0.0976444150905
-0.0765897957676
-0.0161112333036
0.0386196236326
0.0512940716746
0.084020109348
0.0710412541431
0.0288520777567
-0.065537099367
-0.0917900533982
-0.0604334248121
-0.117272526409
-0.156683034447
-0.145797599994
-0.120482893104
-0.0385112880353
-0.0300144706582
-0.00639089568321
0.0106974544422
0.0562413019219
0.0461716468257
0.0940446451226
0.146602854679
0.162987772494
0.140281459613
0.125303319596
0.113287677311
0.122084950159
0.0356268662586
0.0316270367033
0.0231638564601
-0.0412560039681
-0.0726553965861
-0.0583448626193
-0.114861256879
-0.0907565678766
-0.0796949423272
-0.0394674534196
0.00594953318448
0.0397123182959
0.0573637388779
0.0854498752268
0.0931412436901
0.110727734914
0.0916398618236
0.017657964584
-0.0206597842162
-0.0681736181255
-0.137483459633
-0.20082923674
-0.172026219482
-0.175607985161
-0.113831633121
-0.0713148264778
0.0201640817541
0.120449543085
0.230683556781
0.345743042751
#-----
#gmres residual:  3 0.0585272051874
-0.267994776421
-0.1035694952
-0.0309628034137
-0.0091770819268
-0.00843492033534
-0.0217421868881
-0.103840215229
-0.0965597662876
-0.119090841235
-0.0254483713773
-0.0255787942778
0.0521317762104
0.0622411486996
0.114788349748
0.112102350932
0.0954322780373
0.127794815861
0.133987198801
0.178596212861
0.149669930182
0.0400568889188
0.0335644723822
0.0675429450182
0.00955915361822
0.00235743965799
-0.06019234396
0.000361785364801
0.0231336673586
0.0815143784263
0.0790438851093
0.182742583463
0.178228548187
0.168847188893
0.172699515151
0.203574869687
0.188624313249
0.147876566756
0.0482403988877
0.0771483970132
-0.0253105058537
-0.130950406903
-0.125901089866
-0.157337858956
-0.238143095204
-0.179282343078
-0.226372368059
-0.207406342871
-0.216942949936
-0.209884398031
-0.170377980516
-0.134808915868
-0.0780929868625
-0.0427211648698
-0.0179226819076
0.00256946682543
0.0622882150883
0.0699071076959
0.0686024929087
0.0635878361449
0.0821353734678
0.0306205497586
0.04420867021
0.0278338533773
0.0697816869001
0.0606897918734
0.0352990336985
-0.0586281155953
-0.256710335778
#-----
#gmres residual:  4 0.00594572353264
0.187231809313
0.00782769055465
-0.0517316987695
-0.0512195413838
-0.0304139338539
-0.00147160324008
0.0972726690103
0.115165906098
0.179464542773
0.134449901559
0.19200219712
0.164935133943
0.202812539375
0.180909797758
0.209216106482
0.225506493175
0.186724334586
0.154590373044
0.0845218973704
0.0707242659713
0.135152923094
0.0945021702651
0.0180428529263
0.0503564558168
0.0363836140246
0.0869172597124
0.0274089324952
0.028780748766
0.000158370911681
0.0403913675853
-0.0334111534433
-0.00514683135208
0.0112193716766
0.00494705657999
-0.0478279623998
-0.050389636613
-0.0601301818568
-0.0118019137411
-0.101850023834
-0.0614624227584
-0.021357978773
-0.0597446521793
-0.0566555824634
0.01356798935
-0.066877697799
-0.0278195865324
-0.0483744452277
-0.0217791527715
-0.0379168931249
-0.0718231374727
-0.100757719841
-0.172456799864
-0.203903954538
-0.239078552551
-0.245716909472
-0.282588202891
-0.263985777099
-0.223281781852
-0.161211998665
-0.135815800682
-0.0516396564183
-0.0302272397843
-0.000916811145351
-0.0390987879852
-0.0438948013859
-0.0474815539669
0.0162738482696
0.203803750241
#-----
#gmres residual:  5 0.00133065256228
-0.195666089807
-0.100535840693
-0.0275056888026
0.0337500350417
0.0864608510513
0.124918297832
0.115896896981
0.147079060578
0.150889275854
0.198482802306
0.176455591683
0.179594983436
0.136340946708
0.100422660672
0.0400508858665
-0.0240394229199
-0.06687567369
-0.0998002367007
-0.102368364514
-0.134262808346
-0.20347782514
-0.210799629966
-0.189591382412
-0.205756079337
-0.193440393584
-0.207675961169
-0.155274097533
-0.104136061829
-0.0347851057169
0.00464043225774
0.0933706629886
0.120663650958
0.133318036318
0.151195446885
0.171674803146
0.173635237155
0.145509375654
0.0903323902108
0.1012238837
0.0455395766349
-0.012775520105
0.0102526735679
0.0208806338337
0.0103117643989
0.0620408914707
0.0632281062696
0.095617243686
0.117894690255
0.119995778933
0.129403526741
0.122284385807
0.0957440370697
0.0591077380237
-0.0053520171317
-0.0553065673962
-0.073991881109
-0.113181702776
-0.128756199496
-0.118110773019
-0.0956670111436
-0.105577551024
-0.0747738208853
-0.0726471243979
-0.0449557840929
-0.0536512102382
-0.0763725062289
-0.127263058028
-0.213833984132
#-----
#gmres residual:  6 0.000868084561894
0.215404288155
-0.17720520973
-0.234909567244
-0.146554290679
-0.0466305019067
0.0112063482865
0.168375257886
0.11725489666
0.147766975279
-0.0680547271557
-0.0558570716912
-0.189216883516
-0.138594631669
-0.234461102574
-0.0778017240151
-0.0134359579843
0.0250934518469
0.0418542000692
0.0260601839357
0.0354751770548
0.16019856205
0.117953905538
-0.0638591759719
-0.0243670645786
-0.0967862923699
-0.0310994593376
-0.136699293996
-0.10832286575
-0.121535958787
0.0333188280037
-0.0403764050355
0.0876327579192
0.174253350888
0.187314032528
0.0938959896329
0.111381747214
0.0620595952804
0.144246188028
-0.103517165201
-0.061305237498
-0.0106874017625
-0.123972770136
-0.161686038302
0.00385229063252
-0.156240505254
-0.0328514725305
-0.039366157946
0.0551346615276
0.0763284531529
0.0794526490753
0.108337432868
0.0222326393713
0.031664153163
0.026230775829
0.0514306680315
-0.0110176121052
-0.00438754629779
0.0435438513388
0.126553099016
0.120667913373
0.203768754184
0.160130129214
0.122534082737
-0.0567616395572
-0.167187358839
-0.276297271104
-0.205394800813
0.223827027831
#-----
#gmres residual:  7 8.50499159051e-05
-0.0678264065634
0.243820156089
0.126653723316
-0.0460241492577
-0.115924971208
-0.0369548437055
-0.064553596186
0.0754915951968
-0.0053401425321
0.115551410256
-0.104958443236
-0.0447080646251
-0.208065558933
-0.00700042862583
-0.140679525549
-0.0137345395991
0.0266673376281
0.141939334172
0.116299622557
0.199018335916
0.1101716014
0.0449982693863
0.160619045621
-0.0333047005818
-0.0453791461963
-0.162969613793
-0.0898952677771
-0.16929576381
-0.113036586291
-0.208240513952
-0.0276666510289
-0.0262319711485
0.00658705229785
0.0646833536918
0.14755902217
0.0274531097164
0.0147970544221
-0.173507964616
0.00232325613441
-0.128132884347
-0.242388347952
-0.149252259012
-0.0357538886207
-0.189215831663
0.0775340505583
0.01318843346
0.174577834008
0.161004811276
0.206104584027
0.18481947692
0.0447889100394
0.110128463396
-0.024457071993
-0.0950680882388
-0.241188740691
-0.143723148033
-0.0374344198726
-0.0301269550676
-0.00464327907629
0.0937843085613
0.0643850842099
0.0552846433427
-0.00477149950054
0.0174148151699
0.0282794229578
0.182829337412
0.2700880271
-0.078280465583
#-----
#gmres residual:  8 5.07429862643e-06
-0.0361973054421
-0.119755430222
0.150461862287
0.333587790171
0.350620880247
0.168520677963
0.0754306703038
-0.117246513144
-0.0762209837444
-0.206565601667
0.0263690504688
-0.0892003608578
0.0897720473554
-0.149236360748
0.0408545665256
-0.0929112362463
0.0362327630291
0.0043308422325
0.196435858058
0.144465685371
0.129779175889
0.165167122507
0.0154802809607
0.102347428556
-0.0453803107502
-0.0806243939074
-0.166433599897
-0.0961943180777
-0.142547561956
-0.0286293955105
-0.0859614462557
-0.0352289209101
-0.026636128607
-0.0545337372433
-0.0530606162672
0.057941075803
-0.016951220068
0.0584029663364
-0.165793206093
-0.0971626930888
-0.0563355372575
-0.102667605081
-0.185694284803
0.0293766316796
-0.0695956478919
0.127871102851
0.040499417424
0.0758326386901
0.0238167619906
0.0337763524277
0.105649021973
-0.0375995076846
0.0208464070293
0.0086764156091
0.136149803532
0.0108505826662
-0.113839138831
-0.0791951753544
-0.12667271358
-0.193464599051
-0.165619585036
-0.102485873877
0.0233710881061
0.152248852171
0.25331925557
0.110152718506
-0.133705387646
-0.029394716722
#-----
#gmres residual:  9 4.27673755852e-07
-0.110020002458
-0.104288587395
-0.154347817059
-0.0881780149339
-0.0244254438627
0.0338318717193
-0.0473971465801
-0.112576654658
-0.215727801134
-0.141581361668
-0.267674148744
-0.124204477932
-0.160129655183
0.00161639554072
-0.0888259908088
0.0369722529639
-0.0877081443835
-0.0599511043561
-0.179914399979
-0.122212567027
-0.0510888220444
-0.137723874708
-0.124390601395
-0.155864937078
-0.0998437919916
-0.0979850271468
-0.108820320511
-0.121299717046
-0.0644008114677
-0.0727580729876
-0.0823902695596
-0.102922159898
-0.134820100531
-0.11681690467
-0.14788081607
-0.184903857012
-0.111679352962
-0.145619859708
-0.0469533663843
-0.109672924683
-0.162785524959
-0.118360237321
-0.0214767639493
-0.102778411613
-0.0514956215583
-0.201194454718
-0.134919032894
-0.130281068689
-0.0967086682015
-0.0747309409459
-0.0977582818934
-0.000478059576272
-0.035859376619
-0.0114396424704
-0.110436810313
-0.123366673926
-0.164551016643
-0.256470789284
-0.193971867337
-0.131791672661
-0.0744170953999
0.0236610278526
0.0527108482765
0.00848192428273
-0.120426484839
-0.178821172408
-0.111220467602
-0.112739618312
#-----
#gmres residual:  10 3.81226457746e-08
-0.0398138007991
-0.0646712392924
0.00908062685054
-0.0965515652384
-0.190430135966
-0.277210729201
-0.158663432543
-0.0456383964058
0.110842719709
0.000945391076606
0.18932722536
-0.0311182568942
0.0240273400193
-0.237924072602
-0.072823561298
-0.291848154608
-0.0814578590337
-0.129600292641
0.0869048970987
-0.0280407624225
-0.178795664757
-0.0185242300569
-0.0302692647339
0.0158746778608
-0.0689074829616
-0.0899135312192
-0.0569957829513
-0.0325479837439
-0.116878353971
-0.108854313611
-0.0762326608916
-0.0555054024533
-0.0189673661417
-0.0554561397888
-0.00497906861179
0.0641532356909
-0.0582616365023
-0.00645656110612
-0.140223497981
-0.0458094685979
0.0362756889537
-0.0234854424341
-0.188188909887
-0.0676800935976
-0.145536737108
0.0889573532898
-0.0202183886975
-0.0263358565116
-0.0804883033617
-0.109784093047
-0.0546054902858
-0.218870199854
-0.1583089586
-0.217099304127
-0.0658524613313
-0.0350273023471
0.0222606675449
0.172602510832
0.0859584540247
0.00154124144025
-0.101476701736
-0.25488390851
-0.314613965156
-0.241996546605
-0.0398061512858
0.0555804794749
-0.0490419455841
-0.0365182773859
