-0.141393016676
-0.158604157777
-0.177829439436
-0.190736268121
-0.187536005296
-0.192383133926
-0.174551548921
-0.154147753058
-0.130076993722
-0.0864064642982
-0.0369439725633
0.0116344557636
0.0547262521478
0.0910091373223
0.132693989207
0.149785158412
0.164839996931
0.165293501732
0.162190101327
0.158225563891
0.13718079423
0.121342385023
0.103371866916
0.0837063047578
0.0607673868989
0.0512045760069
0.0362423475278
0.0225158392352
0.00558292631571
0.00059064100489
-0.00595084907948
-0.0151647575939
-0.0187814828629
-0.0234790911009
-0.0159658576605
-0.0202311306066
-0.0148708128266
-0.00642780395273
0.00399244651161
0.0047644516151
0.0186669462708
0.0307042093584
0.0472866779679
0.0641696900414
0.0845670700432
0.0982222062863
0.124096635851
0.141162406765
0.154065155588
0.162313449596
0.172502777743
0.163524543674
0.154929103564
0.124393772795
0.0883683452671
0.0511558160121
0.00281532585812
-0.0419220388677
-0.0858610625356
-0.132120319135
-0.155703550636
-0.176823769187
-0.193739232154
-0.195706046807
-0.194132369987
-0.181337125414
-0.159921981024
-0.135856220234
#-----
0.0450938918056
0.0345101441745
0.0308109722173
0.0295596763241
0.0253654217576
0.0335438253601
0.0355523809124
0.0434689790768
0.0557065627487
0.0600155425045
0.06296553201
0.0638128906197
0.0602347318448
0.0576675588668
0.0388302181077
0.0286104221384
0.00949778184546
-0.00470308769132
-0.0207646012151
-0.036311648904
-0.0407316672975
-0.04918413668
-0.0534737557803
-0.0544136233424
-0.0510956375516
-0.0545359979092
-0.0545435271867
-0.0527212696635
-0.0481627399909
-0.0500039253676
-0.050299072394
-0.0474443112677
-0.0474350308777
-0.0453684690741
-0.0497676377389
-0.046444630569
-0.0471650888353
-0.0486793254881
-0.0512628301748
-0.0463175561298
-0.0482326727115
-0.0490087416916
-0.0509099468766
-0.0509658738781
-0.0507276043301
-0.0444523364944
-0.0440458651623
-0.0384110088159
-0.0277892413886
-0.014183579473
-0.00309541408749
0.0163177840767
0.0296083612441
0.0500169616405
0.062857139393
0.0676160599055
0.0695250419963
0.0665440494967
0.0600840915994
0.0563797945146
0.0437173663581
0.0350535113932
0.0326288875912
0.0287904605855
0.030211865572
0.0319586795845
0.0346213990391
0.0414738697341
#-----
#gmres residual:  1 1.25854807273
-0.0627789878676
-0.0220169988402
-0.000569906360283
0.0108167124147
0.0233697147176
0.00353625529589
-0.00892212988586
-0.0401428374415
-0.0862774739251
-0.119131850908
-0.151576671687
-0.178409061577
-0.190685960901
-0.202985680319
-0.171134697838
-0.152183316412
-0.106493868365
-0.0673839306836
-0.020907898024
0.0255348016464
0.0472596335991
0.0788174599267
0.0996559610197
0.111164039579
0.111877043562
0.126345158155
0.133134465189
0.134033107886
0.128389050226
0.135531598396
0.13911314031
0.134785558732
0.13620186586
0.132026190753
0.141761103235
0.133910135209
0.133875691034
0.134225005409
0.137349296507
0.122634486631
0.122119140685
0.118744294409
0.116941834575
0.10912560854
0.0991687061933
0.0741836445821
0.0613569476337
0.0371882243177
0.000562065927663
-0.0416116931706
-0.0768988172596
-0.12652965787
-0.158214035987
-0.200025902926
-0.217206208199
-0.210147650548
-0.190341798706
-0.159118588252
-0.118862232816
-0.0864304472891
-0.039477776296
-0.0057712333086
0.00736370093027
0.0175963400348
0.0108304848769
-0.00201972575201
-0.0215706250385
-0.054700803545
#-----
#gmres residual:  2 0.524321383475
0.380281426436
0.216475416656
0.12343066538
0.0453771096664
-0.0767440026574
-0.0828593139688
-0.160910796263
-0.175310983541
-0.128183894291
-0.134565495548
-0.118245069511
-0.0757381516494
-0.0233229759858
0.0548486345444
0.026717536222
0.0584112184512
0.0224218386
-0.00112265830045
-0.0502075454554
-0.144450765597
-0.116871480979
-0.151910356216
-0.17009538337
-0.141223457946
-0.0779106066287
-0.0983477611157
-0.0759958666065
-0.0400400198021
0.0245973803018
0.0383538489806
0.0559164986997
0.101839737312
0.115745068571
0.153503517991
0.0896084709391
0.129424298566
0.101887598052
0.08841753946
0.0367873308836
0.0765885293162
0.0309774244698
0.0157578667194
-0.0325012419941
-0.0422771536979
-0.0700468070596
-0.0130865633187
-0.0532875038838
-0.0310526429711
0.0303733306908
0.0749746459941
0.0757457464858
0.117667468353
0.094777582867
0.13403963483
0.114167461977
0.0208661897315
-0.051114071334
-0.113664019927
-0.171572974742
-0.163616112623
-0.205216533418
-0.194561582464
-0.115545778836
-0.0600440026232
0.0376788101965
0.123663731887
0.211043961704
0.339276053386
#-----
#gmres residual:  3 0.0605973469862
-0.299687411687
-0.0368882411919
0.0153222566938
-0.0120460184777
0.0113889311274
-0.109954234815
-0.090707899731
-0.125796622352
-0.201306051003
-0.14781380361
-0.0926030694132
-0.0525227687784
-0.0512464315068
-0.0279270070208
0.00777813397279
-0.00210412092243
0.0767250458384
0.0600920708505
0.0446956174153
0.117555086598
0.027686627351
0.00756110557119
0.0247610832847
-0.040280194429
-0.108654957762
-0.0345423503835
-3.12181747683e-05
0.014397058108
0.0219170885218
0.0736927052267
0.14255910027
0.147199973061
0.190768201482
0.150870742259
0.250838300515
0.164786925507
0.163394532827
0.106705161616
0.105344565562
-0.0322310430361
-0.0622000328742
-0.120221805092
-0.131478944693
-0.180808943496
-0.156384832045
-0.264652823514
-0.167597409708
-0.165619747534
-0.171273970948
-0.120808240795
-0.0606385450058
0.0040058362793
0.0970974317387
0.0997052282736
0.111237477759
0.186980520927
0.19825117803
0.190632033859
0.139141322233
0.0537655604985
0.0788649949424
0.0612704458636
0.0240567557281
0.0577390683525
0.0478916081687
0.0462918769647
-0.016329159807
-0.23861375394
#-----
#gmres residual:  4 0.00569599585433
0.170614432415
0.0158311889846
-0.0287191585762
-0.0361654545714
-0.0739293989209
-0.0267540777745
-0.0480532049094
-0.027139343663
0.0344140949121
0.0409311862153
0.063656006307
0.0978999525174
0.153249861303
0.198675616929
0.215941013461
0.246551203809
0.22110772843
0.222442298828
0.212575186732
0.145358196159
0.16441501426
0.137876841575
0.0981462734193
0.106683752923
0.127885974743
0.078971009171
0.0606050542101
0.0578605999468
0.0664611856793
0.053162287745
0.0302718646854
0.0385117413085
0.0219509534692
0.0414361794972
-0.0295675309833
-0.000340794209666
-0.0323330952168
-0.039891751161
-0.0839814941149
-0.0534724955461
-0.0875797706965
-0.0913810328879
-0.124847425901
-0.124093383922
-0.160498061736
-0.118844322033
-0.175796025142
-0.173184921007
-0.164783276583
-0.169886391183
-0.182896951072
-0.1889217228
-0.210358431458
-0.179087766696
-0.156842912004
-0.171083217656
-0.153369398403
-0.131225642665
-0.0909511190474
-0.0315194196066
-0.0365967006022
-0.0154336926138
0.0166800276563
0.0100952379223
0.0244774797669
0.0276568313058
0.0549558547523
0.162177249329
#-----
#gmres residual:  5 0.0028964598344
-0.252440999564
-0.058696722563
0.00356270649436
0.0241190800472
0.0922073913976
0.0588666408695
0.127616293566
0.154432096089
0.143786179278
0.20759910749
0.252427110393
0.259536464801
0.222317410474
0.179733014118
0.134927722879
0.0659193766508
0.0384770894686
-0.0287647775094
-0.0895328571301
-0.0584508486246
-0.134221466535
-0.163844733128
-0.148807882994
-0.178453182317
-0.206306380023
-0.128420800275
-0.0947093076742
-0.0530533434839
-0.0285350807643
0.0315154678529
0.0925831125488
0.105377055786
0.142936043715
0.124196787865
0.193828155766
0.135660204645
0.134398256669
0.0950524278338
0.10035862578
0.00349570060591
-0.0101014490355
-0.0249289251644
0.0020200868455
-0.00621521596853
0.0318203956712
-0.0297153631226
0.04799111811
0.0676180774045
0.0439197573758
0.0406194704402
0.0333947602651
3.53717178864e-05
-0.00420478971858
-0.0993003528237
-0.152195109664
-0.140643286716
-0.147843177127
-0.148025803835
-0.14653686995
-0.172745479541
-0.111068523452
-0.0780559216982
-0.0787039681816
-0.0379352163158
-0.0391594398016
-0.0393780213217
-0.0786080991815
-0.222745348318
#-----
#gmres residual:  6 0.000901217936696
0.262665575449
-0.221714333034
-0.218011703544
-0.0626327557786
-0.0398681476411
0.190058100416
0.124990272129
0.129249577655
0.204093875187
0.0511120635155
-0.0551858355035
-0.142254231902
-0.0935379972431
-0.150540426196
-0.0561273513229
-0.0120584431291
-0.0552109118599
0.0331113566267
0.157039771172
0.00360881893748
0.0657651752095
0.0693212864041
-0.0644661109734
-0.0413741209282
0.0175108169713
-0.13898687331
-0.144350609779
-0.123007687658
-0.0582735582121
-0.0136061538184
-0.00620894868627
0.0963965005072
0.116641333712
0.259778157203
0.0561315072514
0.210988428568
0.0957122785907
0.101531996371
-0.0692322152255
0.033134071153
-0.0836696645316
-0.0649510422328
-0.167265995849
-0.0813932919369
-0.166195554847
0.0695949384876
-0.0638184359019
0.00846351304166
0.0739063226907
0.0813664314226
0.0958044538654
0.0379129260779
-0.0424443272789
0.0344282669579
0.0672505099755
-0.031731079139
-0.0367536019784
-0.0152777190954
0.0690015458781
0.180739778366
0.0835661607014
0.0711268023026
0.0555123686788
-0.0940874922235
-0.179306129145
-0.294820249512
-0.270364971656
0.151203063244
#-----
#gmres residual:  7 9.69649773446e-05
-0.0258506302769
0.108798802345
-0.066054175488
-0.223864355789
-0.210477488966
-0.245580181985
-0.121340330455
-0.0447246178114
-0.0511973355007
0.0220973696836
-0.0536957712206
-0.0167249394104
-0.0985728732751
0.0372548953908
-0.0647794840027
0.0388636993894
0.0914781334579
0.0796230758895
-0.0565253331234
0.0463301594407
0.0775192021848
-0.0403571671727
-0.00104497772308
-0.0310280631247
-0.102725590935
-0.0721114421546
-0.148609939451
-0.136178367161
-0.111789937586
-0.0796782631159
-0.0141697948775
0.0177526161079
0.0897429370708
0.0317315744738
0.153581535533
-0.00472406925187
0.0291155850571
-0.069342795028
-0.029132100478
-0.154198238122
-0.141875422945
-0.164565714582
-0.0301018273565
-0.0530546695332
0.10077687272
0.000475386895498
0.180553290962
0.217602292176
0.212732133401
0.184184795338
0.0857477944622
0.0582490479873
0.000223112074312
-0.186440358632
-0.249974261235
-0.156753152031
-0.0777875519809
-0.0347584926899
0.099573840802
0.148149778526
0.242109898536
0.221218322695
0.162549171351
0.125188252154
0.0798167492186
0.142457920734
0.221976458232
0.0613170136862
#-----
#gmres residual:  8 7.27809757209e-06
-0.0749679104994
0.150818595938
0.250288585908
0.243945686076
0.229052716196
0.144617085488
0.138849469502
0.101867465192
0.00464234426149
-0.0443089711914
-0.0294266983112
-0.0779135710503
-0.116940644401
-0.169077033501
-0.0767739140188
-0.117835867468
0.0457330417978
0.106321248381
0.219709334695
0.279671519289
0.142301685425
0.216443175042
0.203789735998
0.0495040680504
-0.0884828906119
-0.139516002348
-0.0929897999424
-0.175853785653
-0.199329843638
-0.191130792992
-0.101453242909
-0.0596008043078
-0.00611577748733
-0.008366035268
0.0729166656884
0.0299715368426
-0.0144993499681
-0.0409038579917
-0.0836143971891
-0.106831122019
-0.08148321088
-0.127953626955
-0.14383999353
-0.102737764688
-0.0294305652494
0.0398652539112
0.112345142765
0.0492821200686
0.0805526054618
0.0554456265408
0.0186291271326
0.036125783829
-0.00545922706554
0.0573079445154
0.00238721941074
-0.0253575933383
-0.0635562169491
-0.0282250782044
-0.153250778947
-0.192117756563
-0.139387375376
-0.148054961266
-0.105029876417
-0.0100119320282
0.0782801696457
0.132383482718
0.0832228975064
-0.0755242468359
#-----
#gmres residual:  9 8.42373220313e-07
-0.105268262568
-0.206865094026
-0.0986205909857
0.0331130029378
0.0617530812078
0.0358884178342
-0.101629660428
-0.227623273574
-0.204539417354
-0.202596970718
-0.151688823642
-0.165218567076
-0.0330948738054
-0.0500959577431
-0.058882534582
0.0361531098301
-0.113682131716
-0.100074620424
-0.140147062974
-0.0876016473298
0.0890248526899
-0.118324952654
-0.224876102409
-0.106603992955
-0.0898945667111
-0.0584269115002
-0.20113153923
-0.0795760293613
-0.0979720439565
-0.0244264290572
-0.136720411079
-0.14281460304
-0.174146922417
-0.0939238323785
-0.173175749174
-0.0903517883687
-0.0658156652338
-0.078559052442
-0.0617864873428
-0.120077934918
-0.221587086658
-0.114741612694
-0.0505606148106
-0.0261023477274
-0.084875751669
-0.133142304312
-0.193333663169
0.00171256354682
-0.0987557949877
-0.0469737528799
0.0139406250408
-0.0750048486462
0.00944187854926
-0.134334451487
-0.0876353777444
-0.12529068041
-0.128537519497
-0.228602071552
-0.120399949431
-0.121350673777
-0.150232185907
0.00657701704968
0.0495452872348
0.0727927506621
0.0212350037005
-0.106339095242
-0.194907664801
-0.116395465965
#-----
#gmres residual:  10 7.15009894101e-08
-0.0590477701793
0.0598485140974
-0.0754089040627
-0.23202072818
-0.250749808195
-0.230087007309
-0.0578733722931
0.0882065775767
0.0422315877075
0.0435739254849
-0.0157476707995
0.00856569452695
-0.15025567591
-0.138875060593
-0.101352507587
-0.231475043741
-0.0430920118829
-0.0672028053922
-0.0102251917886
-0.0778995507788
-0.318352775534
-0.05335016397
0.0759293231598
-0.0741437359295
-0.0943919490011
-0.119443287424
0.0671023230585
-0.0822338415258
-0.065460009904
-0.151714837431
-0.0127713036558
-0.0185688818805
0.0158901605497
-0.0907796335547
0.0126809097837
-0.0907199636774
-0.117940735934
-0.0927193430958
-0.107205381648
-0.0472163352247
0.0809852017031
-0.0473455431801
-0.128546270007
-0.157805624714
-0.0906558584665
-0.0427817504008
0.0416023717105
-0.194212539188
-0.071584539489
-0.132168035946
-0.18831775161
-0.0906649026426
-0.188931734124
-0.0310449341253
-0.0966839980415
-0.0454570391927
-0.0442387567147
0.0811626759215
-0.0417717881354
-0.0451845580483
0.00372199376863
-0.181737980892
-0.242883342638
-0.275397759148
-0.224629443857
-0.0739122639561
0.0410894837309
-0.0385167372107
